0.3	5	5	7	4	8.8	2.333333333	2.083	0.63	8
0.3	5	8	7	0	6.4	5.233333333	2.085	3.33	2
0.3	5	43	7	0	9.5	2.066666667	2.257	0.07	2
0.3	5	28	8	0	10.4	2.066666667	2.222	1.84	2
0.3	5	1	9	0	6.7	2.833333333	2.203	0.95	2
0.3	5	10	11	0	6.7	3.466666667	2.469	0.81	2
0.3	5	8	11	0	6.4	5.233333333	2.096	3.33	2
0.3	5	29	15	5.2	10.2	0.933333333	2.158	1.19	2
0.3	5	31	16	2	12.6	0.166666667	2.264	0.57	2
0.3	5	33	16	0	6.1	6.4	2.324	0.83	2
0.4	5	0	1	0	7.9	1.966666667	2.055	1.25	2
0.4	5	12	2	0	5.1	2.766666667	1.932	1.29	2
0.4	5	14	2	0	7.5	6.7	2.067	1.52	2
0.4	5	0	2	0	7.9	1.966666667	2.159	1.25	2
0.4	5	10	5	0	6.7	3.466666667	2.362	0.81	2
0.4	5	16	5	0	5.9	4	2.014	0.96	2
0.4	5	14	5	0	7.5	6.7	2.228	1.52	2
0.4	5	17	6	0	8.5	1.1	2.164	1.11	2
0.4	5	14	7	0	7.5	6.7	2.266	1.52	2
0.4	5	18	7	12	6.5	1.2	2.162	1.56	2
0.4	5	33	8	0	6.1	6.4	2.302	0.83	2
0.4	5	8	8	0	6.4	5.233333333	2.056	3.33	2
0.4	5	1	9	0	6.7	2.833333333	2.177	0.95	2
0.4	5	29	9	5.2	10.2	0.933333333	2.129	1.19	2
0.4	5	12	9	0	5.1	2.766666667	2.228	1.29	2
0.4	5	25	10	2.1	6.5	4.433333333	1.945	0.08	2
0.4	5	27	10	0.6	9.7	1	2.14	0.68	2
0.4	5	28	10	0	10.4	2.066666667	2.257	1.84	2
0.4	5	28	10	0	10.4	2.066666667	2.129	1.84	2
0.4	5	32	10	0	11.4	1.566666667	2.376	0.87	2
0.4	5	1	12	0	6.7	2.833333333	2.197	0.95	2
0.4	5	11	13	0	7.1	4	2.079	0.45	2
0.4	5	12	14	0	5.1	2.766666667	2.055	1.29	2
0.4	5	32	16	0	11.4	1.566666667	2.21	0.87	2
0.5	5	37	3	0	6.9	2.633333333	2.197	0.14	2
0.5	5	17	3	0	8.5	1.1	2.096	1.11	2
0.5	5	8	4	0	6.4	5.233333333	2.25	3.33	2
0.5	5	14	5	0	7.5	6.7	2.149	1.52	2
0.5	5	8	5	0	6.4	5.233333333	1.972	3.33	2
0.5	5	29	5	5.2	10.2	0.933333333	2.184	1.19	2
0.5	5	17	6	0	8.5	1.1	2.216	1.11	2
0.5	5	12	6	0	5.1	2.766666667	1.96	1.29	2
0.5	5	8	7	0	6.4	5.233333333	2.227	3.33	2
0.5	5	26	7	0.7	8.1	2.533333333	2.071	0.54	2
0.5	5	17	7	0	8.5	1.1	2.014	1.11	2
0.5	5	27	8	0.6	9.7	1	2.482	0.68	2
0.5	5	19	8	0.7	8.6	3.7	1.958	0.78	2
0.5	5	28	8	0	10.4	2.066666667	2.35	1.84	2
0.5	5	12	9	0	5.1	2.766666667	2.237	1.29	2
0.5	5	35	11	0	5.3	4.066666667	2.174	0.36	2
0.5	5	17	11	0	8.5	1.1	1.933	1.11	2
0.5	5	8	12	0	6.4	5.233333333	2.178	3.33	2
0.5	5	35	13	0	5.3	4.066666667	2.299	0.36	2
0.5	5	14	14	0	7.5	6.7	2.403	1.52	2
0.6	5	32	5	0	11.4	1.566666667	2.238	0.87	2
0.6	5	42	6	0	8.7	3.766666667	2.153	0.22	2
0.6	5	13	7	0	6.8	7.6	2.135	1.11	2
0.6	5	12	7	0	5.1	2.766666667	2.013	1.29	2
0.6	5	8	7	0	6.4	5.233333333	2.108	3.33	2
0.6	5	27	7	0.6	9.7	1	2.129	0.68	2
0.6	5	38	8	0	6.8	3.333333333	2.084	0.3	2
0.6	5	5	9	0	8.8	2.333333333	2.083	0.63	2
0.6	5	29	9	5.2	10.2	0.933333333	2.098	1.19	2
0.6	5	15	9	0	6.6	4.733333333	2.097	2.64	2
0.6	5	18	10	12	6.5	1.2	2.389	1.56	2
0.6	5	1	10	0	6.7	2.833333333	2.231	0.95	2
0.6	5	8	11	0	6.4	5.233333333	2.212	3.33	2
0.6	5	31	12	2	12.6	0.166666667	2.266	0.57	2
0.6	5	15	12	0	6.6	4.733333333	2.131	2.64	2
0.6	5	14	14	0	7.5	6.7	2.123	1.52	2
0.6	5	18	14	12	6.5	1.2	2.204	1.56	2
0.6	5	28	14	0	10.4	2.066666667	2.245	1.84	2
0.6	5	28	14	0	10.4	2.066666667	2.236	1.84	2
0.7	5	29	2	5.2	10.2	0.933333333	2.216	1.19	2
0.7	5	28	5	0	10.4	2.066666667	2.184	1.84	2
0.7	5	18	6	12	6.5	1.2	2.188	1.56	2
0.7	5	28	8	0	10.4	2.066666667	2	1.84	2
0.7	5	15	8	0	6.6	4.733333333	2.347	2.64	2
0.7	5	15	10	0	6.6	4.733333333	1.986	2.64	2
0.7	5	19	10	0.7	8.6	3.7	2.271	0.78	2
0.7	5	15	11	0	6.6	4.733333333	2.272	2.64	2
0.7	5	28	12	0	10.4	2.066666667	2.201	1.84	2
0.7	5	28	12	0	10.4	2.066666667	2.014	1.84	2
0.7	5	19	12	0.7	8.6	3.7	2.028	0.78	2
0.7	5	32	13	0	11.4	1.566666667	2.086	0.87	2
0.8	5	17	5	0	8.5	1.1	2	1.11	2
0.8	5	11	6	0	7.1	4	2.055	0.45	2
0.8	5	34	6	0	7.2	5.366666667	1.906	0.57	2
0.8	5	17	7	0	8.5	1.1	2.257	1.11	2
0.8	5	33	8	0	6.1	6.4	2.082	0.83	2
0.8	5	15	9	0	6.6	4.733333333	2.028	2.64	2
0.8	5	10	10	0	6.7	3.466666667	2.291	0.81	2
0.8	5	18	10	12	6.5	1.2	2.225	1.56	2
0.8	5	7	11	0	6.3	1.233333333	2.081	0.1	2
0.8	5	27	13	0.6	9.7	1	2.069	0.68	2
0.8	5	17	13	0	8.5	1.1	2.054	1.11	2
0.8	5	12	13	0	5.1	2.766666667	2.135	1.29	2
0.8	5	8	14	0	6.4	5.233333333	2.365	3.33	2
0.8	5	22	15	0	7.4	4.433333333	2.361	0.43	2
0.9	5	31	5	2	12.6	0.166666667	2.122	0.57	2
0.9	5	8	5	0	6.4	5.233333333	2.095	3.33	2
0.9	5	13	6	0	6.8	7.6	2.204	1.11	2
0.9	5	35	7	0	5.3	4.066666667	2.157	0.36	2
0.9	5	28	7	0	10.4	2.066666667	2.459	1.84	2
0.9	5	5	8	0	8.8	2.333333333	2.097	0.63	2
0.9	5	14	8	0	7.5	6.7	2.161	1.52	2
0.9	5	11	9	0	7.1	4	2.079	0.45	2
0.9	5	15	9	0	6.6	4.733333333	2.111	2.64	2
0.9	5	4	12	0	7.9	1.466666667	2.093	1.02	2
0.9	5	28	13	0	10.4	2.066666667	2.324	1.84	2
1	5	0	2	0	7.9	1.966666667	1.986	1.25	2
1	5	16	6	0	5.9	4	2.111	0.96	2
1	5	32	7	0	11.4	1.566666667	2.152	0.87	2
1	5	18	7	12	6.5	1.2	2.19	1.56	2
1	5	8	9	0	6.4	5.233333333	2.041	3.33	2
1	5	9	10	0	5.2	0.6	2.193	0.68	2
1	5	15	10	0	6.6	4.733333333	1.931	2.64	2
1	5	15	13	0	6.6	4.733333333	2.178	2.64	2
1.1	5	29	5	5.2	10.2	0.933333333	2.028	1.19	2
1.1	5	18	6	12	6.5	1.2	2.14	1.56	2
1.1	5	4	7	0	7.9	1.466666667	2.221	1.02	2
1.1	5	13	9	0	6.8	7.6	2.08	1.11	2
1.1	5	29	9	5.2	10.2	0.933333333	2.141	1.19	2
1.1	5	28	10	0	10.4	2.066666667	2.099	1.84	2
1.1	5	10	12	0	6.7	3.466666667	2.297	0.81	2
1.1	5	26	13	0.7	8.1	2.533333333	2.352	0.54	2
1.1	5	29	13	5.2	10.2	0.933333333	2.115	1.19	2
1.1	5	29	15	5.2	10.2	0.933333333	2.099	1.19	2
1.2	5	15	7	0	6.6	4.733333333	2.221	2.64	2
1.2	5	28	8	0	10.4	2.066666667	2.154	1.84	2
1.2	5	11	10	0	7.1	4	2.151	0.45	2
1.2	5	19	11	0.7	8.6	3.7	1.985	0.78	2
1.2	5	18	12	12	6.5	1.2	2.067	1.56	2
1.2	5	17	13	0	8.5	1.1	2.09	1.11	2
1.2	5	11	14	0	7.1	4	2.331	0.45	2
1.3	5	17	3	0	8.5	1.1	2.068	1.11	2
1.3	5	9	10	0	5.2	0.6	2.11	0.68	2
1.3	5	34	16	0	7.2	5.366666667	2.143	0.57	2
1.4	5	32	11	0	11.4	1.566666667	2.26	0.87	2
1.4	5	4	11	0	7.9	1.466666667	2.124	1.02	2
1.4	5	12	13	0	5.1	2.766666667	2.149	1.29	2
1.5	5	32	7	0	11.4	1.566666667	2.236	0.87	2
1.5	5	29	10	5.2	10.2	0.933333333	2.086	1.19	2
1.5	5	1	10	0	6.7	2.833333333	2.182	0.95	2
1.5	5	10	12	0	6.7	3.466666667	2.182	0.81	2
1.6	5	0	13	0	7.9	1.966666667	2.092	1.25	2
1.8	5	18	13	12	6.5	1.2	2.207	1.56	2
1.9	5	32	14	0	11.4	1.566666667	2.129	0.87	2
-1.5	6	22	4	0	10.8	3.733333333	2.366	1.55	2
-1.5	6	26	8	0	12.1	2.033333333	2.303	1.05	2
-1.5	6	9	8	0.1	7	3.366666667	2.413	1.75	2
-1.4	6	21	1	0	9.5	2.7	2.208	3.96	2
-1.3	6	20	2	0.3	8.3	3.033333333	2.448	1.75	2
-1.2	6	27	6	0	16.9	2	2.227	0.96	2
-1.2	6	14	7	0	4.1	2	2.484	0.03	2
-1.2	6	9	12	0.1	7	3.366666667	2.514	1.75	2
-1.1	6	11	4	0	4.1	6.766666667	2.443	0.14	2
-1	6	21	8	0	9.5	2.7	2.239	3.96	2
-0.9	6	28	1	0	17.8	3.066666667	2.276	0.66	2
-0.9	6	12	6	0	4	4.466666667	2.213	0.14	2
-0.8	6	17	1	0.5	8.2	3.366666667	2.411	1.06	2
-0.8	6	10	3	0	3.6	6.533333333	2.233	0.09	2
-0.8	6	22	4	0	10.8	3.733333333	2.298	1.55	2
-0.8	6	20	4	0.3	8.3	3.033333333	2.093	1.75	2
-0.8	6	7	5	0	6.7	2.2	2.163	1.85	2
-0.8	6	25	5	0	10.1	1	2.157	0.69	2
-0.8	6	21	5	0	9.5	2.7	2.366	3.96	2
-0.8	6	22	7	0	10.8	3.733333333	2.411	1.55	2
-0.7	6	26	1	0	12.1	2.033333333	2.205	1.05	2
-0.7	6	9	1	0.1	7	3.366666667	2.135	1.75	2
-0.7	6	26	2	0	12.1	2.033333333	2.31	1.05	2
-0.7	6	22	3	0	10.8	3.733333333	2.38	1.55	2
-0.7	6	22	3	0	10.8	3.733333333	2.264	1.55	2
-0.7	6	19	3	0	8.7	2.3	2.381	0.72	2
-0.7	6	24	4	0	10.8	2.4	2.257	0.78	2
-0.7	6	16	4	0	8.5	3.133333333	2.057	1.22	2
-0.7	6	7	4	0	6.7	2.2	2.272	1.85	2
-0.7	6	23	5	0	12.6	2.766666667	2.187	0.76	2
-0.7	6	21	5	0	9.5	2.7	2.245	3.96	2
-0.7	6	22	6	0	10.8	3.733333333	2.114	1.55	2
-0.7	6	25	7	0	10.1	1	2.273	0.69	2
-0.7	6	15	8	0	6.9	2.566666667	2.691	0.43	2
-0.7	6	17	9	0.5	8.2	3.366666667	2.405	1.06	2
-0.6	6	18	1	1.7	8.2	3.166666667	2.338	0.76	2
-0.6	6	18	1	1.7	8.2	3.166666667	2.268	0.76	2
-0.6	6	27	1	0	16.9	2	2.317	0.96	2
-0.6	6	26	1	0	12.1	2.033333333	2.155	1.05	2
-0.6	6	17	1	0.5	8.2	3.366666667	2.449	1.06	2
-0.6	6	20	1	0.3	8.3	3.033333333	2.417	1.75	2
-0.6	6	20	1	0.3	8.3	3.033333333	2.278	1.75	2
-0.6	6	18	2	1.7	8.2	3.166666667	2.296	0.76	2
-0.6	6	17	2	0.5	8.2	3.366666667	2.358	1.06	2
-0.6	6	20	2	0.3	8.3	3.033333333	2.329	1.75	2
-0.6	6	15	3	0	6.9	2.566666667	2.44	0.43	2
-0.6	6	19	3	0	8.7	2.3	2.143	0.72	2
-0.6	6	18	3	1.7	8.2	3.166666667	2.293	0.76	2
-0.6	6	21	3	0	9.5	2.7	2.312	3.96	2
-0.6	6	22	4	0	10.8	3.733333333	2.11	1.55	2
-0.6	6	25	4	0	10.1	1	2.069	0.69	2
-0.6	6	21	6	0	9.5	2.7	2.324	3.96	2
-0.6	6	21	6	0	9.5	2.7	2.315	3.96	2
-0.6	6	20	7	0.3	8.3	3.033333333	2.143	1.75	2
-0.6	6	21	7	0	9.5	2.7	2.188	3.96	2
-0.6	6	21	10	0	9.5	2.7	2.113	3.96	2
-0.5	6	19	1	0	8.7	2.3	2.208	0.72	2
-0.5	6	29	1	0	12.6	2.733333333	2.086	0.34	2
-0.5	6	25	1	0	10.1	1	2.304	0.69	2
-0.5	6	24	1	0	10.8	2.4	1.972	0.78	2
-0.5	6	27	1	0	16.9	2	2.166	0.96	2
-0.5	6	17	1	0.5	8.2	3.366666667	2.178	1.06	2
-0.5	6	22	1	0	10.8	3.733333333	2.167	1.55	2
-0.5	6	11	2	0	4.1	6.766666667	2.278	0.14	2
-0.5	6	11	2	0	4.1	6.766666667	2.239	0.14	2
-0.5	6	28	2	0	17.8	3.066666667	2.111	0.66	2
-0.5	6	23	2	0	12.6	2.766666667	2.142	0.76	2
-0.5	6	7	2	0	6.7	2.2	2.297	1.85	2
-0.5	6	7	2	0	6.7	2.2	2.176	1.85	2
-0.5	6	7	2	0	6.7	2.2	2.224	1.85	2
-0.5	6	21	2	0	9.5	2.7	2.265	3.96	2
-0.5	6	-1	2	0	3.4	1.933333333	2.108	0.05	2
-0.5	6	18	2	1.7	8.2	3.166666667	2.234	0.76	2
-0.5	6	16	2	0	8.5	3.133333333	2.566	1.22	2
-0.5	6	9	2	0.1	7	3.366666667	2.382	1.75	2
-0.5	6	9	2	0.1	7	3.366666667	2.338	1.75	2
-0.5	6	7	3	0	6.7	2.2	2.37	1.85	2
-0.5	6	28	3	0	17.8	3.066666667	2.308	0.66	2
-0.5	6	16	3	0	8.5	3.133333333	2.203	1.22	2
-0.5	6	20	3	0.3	8.3	3.033333333	2.405	1.75	2
-0.5	6	20	4	0.3	8.3	3.033333333	2.196	1.75	2
-0.5	6	18	5	1.7	8.2	3.166666667	2.239	0.76	2
-0.5	6	9	5	0.1	7	3.366666667	2.274	1.75	2
-0.5	6	10	6	0	3.6	6.533333333	2.27	0.09	2
-0.5	6	25	6	0	10.1	1	2.055	0.69	2
-0.5	6	16	6	0	8.5	3.133333333	2.173	1.22	2
-0.5	6	16	7	0	8.5	3.133333333	2.5	1.22	2
-0.4	6	1	1	3	3.7	6.8	2.459	0.09	2
-0.4	6	15	1	0	6.9	2.566666667	2.303	0.43	2
-0.4	6	19	1	0	8.7	2.3	2.173	0.72	2
-0.4	6	23	1	0	12.6	2.766666667	2.36	0.76	2
-0.4	6	23	1	0	12.6	2.766666667	2.243	0.76	2
-0.4	6	24	1	0	10.8	2.4	2.167	0.78	2
-0.4	6	17	1	0.5	8.2	3.366666667	2.306	1.06	2
-0.4	6	17	1	0.5	8.2	3.366666667	2.55	1.06	2
-0.4	6	16	1	0	8.5	3.133333333	2.275	1.22	2
-0.4	6	22	1	0	10.8	3.733333333	2.181	1.55	2
-0.4	6	9	1	0.1	7	3.366666667	2.32	1.75	2
-0.4	6	20	1	0.3	8.3	3.033333333	2.027	1.75	2
-0.4	6	15	1	0	6.9	2.566666667	2.162	0.43	2
-0.4	6	19	1	0	8.7	2.3	2.305	0.72	2
-0.4	6	24	1	0	10.8	2.4	2.228	0.78	2
-0.4	6	21	1	0	9.5	2.7	2.464	3.96	2
-0.4	6	19	2	0	8.7	2.3	2.271	0.72	2
-0.4	6	7	2	0	6.7	2.2	2.411	1.85	2
-0.4	6	22	2	0	10.8	3.733333333	2.479	1.55	2
-0.4	6	9	2	0.1	7	3.366666667	2.068	1.75	2
-0.4	6	17	3	0.5	8.2	3.366666667	2.23	1.06	2
-0.4	6	15	3	0	6.9	2.566666667	2.254	0.43	2
-0.4	6	25	3	0	10.1	1	2.014	0.69	2
-0.4	6	26	3	0	12.1	2.033333333	2.173	1.05	2
-0.4	6	9	3	0.1	7	3.366666667	2.11	1.75	2
-0.4	6	7	3	0	6.7	2.2	2.26	1.85	2
-0.4	6	22	3	0	10.8	3.733333333	2.187	1.55	2
-0.4	6	22	4	0	10.8	3.733333333	2.324	1.55	2
-0.4	6	7	4	0	6.7	2.2	2.264	1.85	2
-0.4	6	8	4	0.9	7.9	4.833333333	2.215	0.65	2
-0.4	6	24	5	0	10.8	2.4	2.115	0.78	2
-0.4	6	6	6	0	5.9	1.9	2.26	0.76	2
-0.4	6	21	6	0	9.5	2.7	2.278	3.96	2
-0.4	6	16	7	0	8.5	3.133333333	2.213	1.22	2
-0.4	6	16	8	0	8.5	3.133333333	2.403	1.22	2
-0.4	6	0	8	0	5.1	5.966666667	2.097	0.28	2
-0.4	6	5	8	0	4.8	2.466666667	2.259	0.39	2
-0.4	6	15	10	0	6.9	2.566666667	2.068	0.43	2
-0.4	6	25	10	0	10.1	1	2.25	0.69	2
-0.4	6	7	10	0	6.7	2.2	2.274	1.85	2
-0.4	6	18	11	1.7	8.2	3.166666667	2.34	0.76	2
-0.4	6	21	12	0	9.5	2.7	1.987	3.96	2
-0.3	6	26	1	0	12.1	2.033333333	2.087	1.05	2
-0.3	6	15	1	0	6.9	2.566666667	2.324	0.43	2
-0.3	6	15	1	0	6.9	2.566666667	2.215	0.43	2
-0.3	6	25	1	0	10.1	1	2.143	0.69	2
-0.3	6	23	1	0	12.6	2.766666667	2.236	0.76	2
-0.3	6	27	1	0	16.9	2	2.243	0.96	2
-0.3	6	26	1	0	12.1	2.033333333	2.233	1.05	2
-0.3	6	17	1	0.5	8.2	3.366666667	2.153	1.06	2
-0.3	6	22	1	0	10.8	3.733333333	2.097	1.55	2
-0.3	6	22	1	0	10.8	3.733333333	2.255	1.55	2
-0.3	6	22	1	0	10.8	3.733333333	2.204	1.55	2
-0.3	6	20	1	0.3	8.3	3.033333333	2.184	1.75	2
-0.3	6	38	1	0	11.4	3.4	2.239	0.07	2
-0.3	6	29	1	0	12.6	2.733333333	2.466	0.34	2
-0.3	6	8	1	0.9	7.9	4.833333333	1.974	0.65	2
-0.3	6	17	1	0.5	8.2	3.366666667	2.37	1.06	2
-0.3	6	7	1	0	6.7	2.2	2.523	1.85	2
-0.3	6	0	2	0	5.1	5.966666667	2.236	0.28	2
-0.3	6	6	2	0	5.9	1.9	2.041	0.76	2
-0.3	6	18	2	1.7	8.2	3.166666667	2.327	0.76	2
-0.3	6	26	2	0	12.1	2.033333333	2.25	1.05	2
-0.3	6	16	2	0	8.5	3.133333333	2.432	1.22	2
-0.3	6	22	2	0	10.8	3.733333333	2.203	1.55	2
-0.3	6	9	2	0.1	7	3.366666667	2.026	1.75	2
-0.3	6	21	2	0	9.5	2.7	2.136	3.96	2
-0.3	6	23	2	0	12.6	2.766666667	2.096	0.76	2
-0.3	6	27	2	0	16.9	2	2.116	0.96	2
-0.3	6	7	2	0	6.7	2.2	2.213	1.85	2
-0.3	6	26	3	0	12.1	2.033333333	2.143	1.05	2
-0.3	6	26	4	0	12.1	2.033333333	2.054	1.05	2
-0.3	6	27	4	0	16.9	2	2.186	0.96	2
-0.3	6	9	4	0.1	7	3.366666667	2.267	1.75	2
-0.3	6	9	5	0.1	7	3.366666667	2.405	1.75	2
-0.3	6	22	6	0	10.8	3.733333333	2.23	1.55	2
-0.3	6	7	10	0	6.7	2.2	2.493	1.85	2
-0.3	6	19	11	0	8.7	2.3	2.082	0.72	2
-0.3	6	16	11	0	8.5	3.133333333	2.12	1.22	2
-0.2	6	19	1	0	8.7	2.3	2.471	0.72	2
-0.2	6	-2	1	0	2.1	2.166666667	2.406	0.05	2
-0.2	6	23	1	0	12.6	2.766666667	2.044	0.76	2
-0.2	6	24	1	0	10.8	2.4	2.394	0.78	2
-0.2	6	27	1	0	16.9	2	2.042	0.96	2
-0.2	6	27	1	0	16.9	2	2.314	0.96	2
-0.2	6	27	1	0	16.9	2	2.107	0.96	2
-0.2	6	26	1	0	12.1	2.033333333	2.043	1.05	2
-0.2	6	16	1	0	8.5	3.133333333	2.105	1.22	2
-0.2	6	16	1	0	8.5	3.133333333	2.196	1.22	2
-0.2	6	16	1	0	8.5	3.133333333	2.268	1.22	2
-0.2	6	16	1	0	8.5	3.133333333	2.403	1.22	2
-0.2	6	22	1	0	10.8	3.733333333	2.224	1.55	2
-0.2	6	22	1	0	10.8	3.733333333	1.986	1.55	2
-0.2	6	22	1	0	10.8	3.733333333	2.347	1.55	2
-0.2	6	9	1	0.1	7	3.366666667	2.133	1.75	2
-0.2	6	20	1	0.3	8.3	3.033333333	2.149	1.75	2
-0.2	6	13	1	0	2.9	2.633333333	2.517	0.04	2
-0.2	6	29	1	0	12.6	2.733333333	2.192	0.34	2
-0.2	6	21	1	0	9.5	2.7	2.338	3.96	2
-0.2	6	21	1	0	9.5	2.7	2.319	3.96	2
-0.2	6	28	2	0	17.8	3.066666667	2.136	0.66	2
-0.2	6	24	2	0	10.8	2.4	2.384	0.78	2
-0.2	6	34	2	0	18.7	3.1	1.93	0.25	2
-0.2	6	5	2	0	4.8	2.466666667	2.507	0.39	2
-0.2	6	24	2	0	10.8	2.4	2.029	0.78	2
-0.2	6	24	2	0	10.8	2.4	2.284	0.78	2
-0.2	6	20	2	0.3	8.3	3.033333333	2.237	1.75	2
-0.2	6	7	2	0	6.7	2.2	2.351	1.85	2
-0.2	6	21	2	0	9.5	2.7	2.128	3.96	2
-0.2	6	7	2	0	6.7	2.2	2.189	1.85	2
-0.2	6	28	3	0	17.8	3.066666667	2.068	0.66	2
-0.2	6	24	3	0	10.8	2.4	2.083	0.78	2
-0.2	6	26	3	0	12.1	2.033333333	2.247	1.05	2
-0.2	6	7	3	0	6.7	2.2	2.079	1.85	2
-0.2	6	21	3	0	9.5	2.7	2.055	3.96	2
-0.2	6	32	4	0	17.6	0.933333333	2.113	0.3	2
-0.2	6	25	4	0	10.1	1	2.069	0.69	2
-0.2	6	19	4	0	8.7	2.3	2.084	0.72	2
-0.2	6	18	4	1.7	8.2	3.166666667	2.28	0.76	2
-0.2	6	15	4	0	6.9	2.566666667	2.378	0.43	2
-0.2	6	28	4	0	17.8	3.066666667	1.918	0.66	2
-0.2	6	29	5	0	12.6	2.733333333	2.13	0.34	2
-0.2	6	26	5	0	12.1	2.033333333	2.116	1.05	2
-0.2	6	28	6	0	17.8	3.066666667	2.144	0.66	2
-0.2	6	24	6	0	10.8	2.4	2.367	0.78	2
-0.2	6	26	6	0	12.1	2.033333333	2.301	1.05	2
-0.2	6	21	6	0	9.5	2.7	2.338	3.96	2
-0.2	6	1	6	3	3.7	6.8	2.173	0.09	2
-0.2	6	17	7	0.5	8.2	3.366666667	2.443	1.06	2
-0.2	6	21	7	0	9.5	2.7	2.294	3.96	2
-0.2	6	18	8	1.7	8.2	3.166666667	2.231	0.76	2
-0.2	6	23	9	0	12.6	2.766666667	2.31	0.76	2
-0.2	6	15	9	0	6.9	2.566666667	2.221	0.43	2
-0.2	6	21	11	0	9.5	2.7	2.422	3.96	2
-0.2	6	21	12	0	9.5	2.7	2.338	3.96	2
-0.2	6	26	13	0	12.1	2.033333333	2.245	1.05	2
-0.1	6	21	1	0	9.5	2.7	2.31	3.96	2
-0.1	6	-1	1	0	3.4	1.933333333	1.876	0.05	2
-0.1	6	31	1	0	15.4	1.633333333	2.071	0.15	2
-0.1	6	31	1	0	15.4	1.633333333	2.129	0.15	2
-0.1	6	15	1	0	6.9	2.566666667	2.193	0.43	2
-0.1	6	15	1	0	6.9	2.566666667	2.299	0.43	2
-0.1	6	6	1	0	5.9	1.9	2.164	0.76	2
-0.1	6	6	1	0	5.9	1.9	2.234	0.76	2
-0.1	6	18	1	1.7	8.2	3.166666667	2.278	0.76	2
-0.1	6	17	1	0.5	8.2	3.366666667	2.448	1.06	2
-0.1	6	9	1	0.1	7	3.366666667	2.069	1.75	2
-0.1	6	20	1	0.3	8.3	3.033333333	2.592	1.75	2
-0.1	6	21	1	0	9.5	2.7	2.139	3.96	2
-0.1	6	21	1	0	9.5	2.7	2.216	3.96	2
-0.1	6	23	1	0	12.6	2.766666667	2.028	0.76	2
-0.1	6	29	2	0	12.6	2.733333333	2.15	0.34	2
-0.1	6	29	2	0	12.6	2.733333333	2.069	0.34	2
-0.1	6	19	2	0	8.7	2.3	2.241	0.72	2
-0.1	6	24	2	0	10.8	2.4	2.1	0.78	2
-0.1	6	26	2	0	12.1	2.033333333	2.222	1.05	2
-0.1	6	26	2	0	12.1	2.033333333	2.166	1.05	2
-0.1	6	16	2	0	8.5	3.133333333	2.253	1.22	2
-0.1	6	7	2	0	6.7	2.2	2.148	1.85	2
-0.1	6	21	2	0	9.5	2.7	2.099	3.96	2
-0.1	6	21	2	0	9.5	2.7	2.027	3.96	2
-0.1	6	21	2	0	9.5	2.7	2.099	3.96	2
-0.1	6	26	2	0	12.1	2.033333333	2.284	1.05	2
-0.1	6	21	2	0	9.5	2.7	2.667	3.96	2
-0.1	6	7	3	0	6.7	2.2	2.227	1.85	2
-0.1	6	25	3	0	10.1	1	2.273	0.69	2
-0.1	6	22	3	0	10.8	3.733333333	2	1.55	2
-0.1	6	20	3	0.3	8.3	3.033333333	2.203	1.75	2
-0.1	6	21	3	0	9.5	2.7	2.493	3.96	2
-0.1	6	21	3	0	9.5	2.7	2.375	3.96	2
-0.1	6	26	3	0	12.1	2.033333333	2.181	1.05	2
-0.1	6	26	3	0	12.1	2.033333333	2.168	1.05	2
-0.1	6	22	3	0	10.8	3.733333333	2.113	1.55	2
-0.1	6	28	4	0	17.8	3.066666667	2.067	0.66	2
-0.1	6	24	4	0	10.8	2.4	2.268	0.78	2
-0.1	6	27	4	0	16.9	2	2.099	0.96	2
-0.1	6	20	4	0.3	8.3	3.033333333	2.122	1.75	2
-0.1	6	22	4	0	10.8	3.733333333	2.028	1.55	2
-0.1	6	23	4	0	12.6	2.766666667	2.347	0.76	2
-0.1	6	25	5	0	10.1	1	2.29	0.69	2
-0.1	6	17	5	0.5	8.2	3.366666667	2.282	1.06	2
-0.1	6	23	5	0	12.6	2.766666667	1.959	0.76	2
-0.1	6	26	5	0	12.1	2.033333333	2.156	1.05	2
-0.1	6	9	5	0.1	7	3.366666667	2.138	1.75	2
-0.1	6	23	6	0	12.6	2.766666667	2.193	0.76	2
-0.1	6	9	6	0.1	7	3.366666667	2.135	1.75	2
-0.1	6	7	7	0	6.7	2.2	2.521	1.85	2
-0.1	6	25	8	0	10.1	1	2.294	0.69	2
-0.1	6	26	8	0	12.1	2.033333333	2.329	1.05	2
-0.1	6	22	8	0	10.8	3.733333333	2.127	1.55	2
-0.1	6	9	8	0.1	7	3.366666667	2.422	1.75	2
-0.1	6	20	8	0.3	8.3	3.033333333	2.336	1.75	2
-0.1	6	21	8	0	9.5	2.7	2.056	3.96	2
-0.1	6	1	9	3	3.7	6.8	2.282	0.09	2
-0.1	6	21	10	0	9.5	2.7	2.552	3.96	2
-0.1	6	21	12	0	9.5	2.7	2.308	3.96	2
-0.1	6	22	14	0	10.8	3.733333333	2.317	1.55	2
0	6	32	1	0	17.6	0.933333333	2.113	0.3	2
0	6	32	1	0	17.6	0.933333333	2.355	0.3	2
0	6	23	1	0	12.6	2.766666667	2.028	0.76	2
0	6	20	2	0.3	8.3	3.033333333	2.327	1.75	2
0	6	5	2	0	4.8	2.466666667	2.205	0.39	2
0	6	15	2	0	6.9	2.566666667	2.26	0.43	2
0	6	25	2	0	10.1	1	1.93	0.69	2
0	6	16	2	0	8.5	3.133333333	2.087	1.22	2
0	6	20	2	0.3	8.3	3.033333333	1.958	1.75	2
0	6	7	2	0	6.7	2.2	2.218	1.85	2
0	6	7	2	0	6.7	2.2	2.276	1.85	2
0	6	21	2	0	9.5	2.7	2.222	3.96	2
0	6	20	2	0.3	8.3	3.033333333	2.043	1.75	2
0	6	19	3	0	8.7	2.3	2.028	0.72	2
0	6	23	3	0	12.6	2.766666667	1.918	0.76	2
0	6	27	3	0	16.9	2	2.152	0.96	2
0	6	26	3	0	12.1	2.033333333	2.128	1.05	2
0	6	17	3	0.5	8.2	3.366666667	2.158	1.06	2
0	6	21	3	0	9.5	2.7	2.296	3.96	2
0	6	17	4	0.5	8.2	3.366666667	2.342	1.06	2
0	6	22	4	0	10.8	3.733333333	1.888	1.55	2
0	6	9	4	0.1	7	3.366666667	2.097	1.75	2
0	6	5	5	0	4.8	2.466666667	2.082	0.39	2
0	6	27	5	0	16.9	2	2.145	0.96	2
0	6	20	5	0.3	8.3	3.033333333	2.083	1.75	2
0	6	6	6	0	5.9	1.9	2.259	0.76	2
0	6	19	6	0	8.7	2.3	2.292	0.72	2
0	6	9	6	0.1	7	3.366666667	2.408	1.75	2
0	6	7	6	0	6.7	2.2	2.428	1.85	2
0	6	16	6	0	8.5	3.133333333	2.274	1.22	2
0	6	27	7	0	16.9	2	2.071	0.96	2
0	6	6	8	0	5.9	1.9	2.054	0.76	2
0	6	22	10	0	10.8	3.733333333	2.192	1.55	2
0	6	23	11	0	12.6	2.766666667	2.028	0.76	2
0	6	25	12	0	10.1	1	2.443	0.69	2
0.1	6	25	1	0	10.1	1	2.167	0.69	2
0.1	6	23	1	0	12.6	2.766666667	2	0.76	2
0.1	6	17	1	0.5	8.2	3.366666667	2	1.06	2
0.1	6	16	1	0	8.5	3.133333333	2.453	1.22	2
0.1	6	9	1	0.1	7	3.366666667	2.205	1.75	2
0.1	6	21	1	0	9.5	2.7	2.238	3.96	2
0.1	6	24	2	0	10.8	2.4	2.099	0.78	2
0.1	6	8	2	0.9	7.9	4.833333333	1.959	0.65	2
0.1	6	28	2	0	17.8	3.066666667	2.014	0.66	2
0.1	6	22	2	0	10.8	3.733333333	2.099	1.55	2
0.1	6	9	2	0.1	7	3.366666667	2.071	1.75	2
0.1	6	20	2	0.3	8.3	3.033333333	2.185	1.75	2
0.1	6	27	2	0	16.9	2	2.155	0.96	2
0.1	6	17	2	0.5	8.2	3.366666667	2.19	1.06	2
0.1	6	20	4	0.3	8.3	3.033333333	2.015	1.75	2
0.1	6	7	4	0	6.7	2.2	2.192	1.85	2
0.1	6	20	5	0.3	8.3	3.033333333	2.248	1.75	2
0.1	6	26	5	0	12.1	2.033333333	2.27	1.05	2
0.1	6	17	5	0.5	8.2	3.366666667	2.25	1.06	2
0.1	6	21	6	0	9.5	2.7	2.167	3.96	2
0.1	6	21	6	0	9.5	2.7	2.254	3.96	2
0.1	6	21	7	0	9.5	2.7	2.366	3.96	2
0.1	6	21	7	0	9.5	2.7	2.107	3.96	2
0.1	6	28	8	0	17.8	3.066666667	1.916	0.66	2
0.1	6	22	8	0	10.8	3.733333333	2.329	1.55	2
0.1	6	9	8	0.1	7	3.366666667	2.127	1.75	2
0.1	6	16	9	0	8.5	3.133333333	2.164	1.22	2
0.1	6	27	10	0	16.9	2	2.234	0.96	2
0.1	6	16	13	0	8.5	3.133333333	2.215	1.22	2
0.1	6	21	14	0	9.5	2.7	2.333	3.96	2
0.1	6	15	14	0	6.9	2.566666667	2.027	0.43	2
0.2	6	21	1	0	9.5	2.7	1.985	3.96	2
0.2	6	28	2	0	17.8	3.066666667	2.196	0.66	2
0.2	6	18	2	1.7	8.2	3.166666667	2.127	0.76	2
0.2	6	24	2	0	10.8	2.4	2.199	0.78	2
0.2	6	17	2	0.5	8.2	3.366666667	2.166	1.06	2
0.2	6	20	2	0.3	8.3	3.033333333	2.21	1.75	2
0.2	6	24	2	0	10.8	2.4	2.122	0.78	2
0.2	6	21	2	0	9.5	2.7	2.264	3.96	2
0.2	6	25	3	0	10.1	1	2.194	0.69	2
0.2	6	21	4	0	9.5	2.7	2.098	3.96	2
0.2	6	9	4	0.1	7	3.366666667	2.26	1.75	2
0.2	6	11	5	0	4.1	6.766666667	2.081	0.14	2
0.2	6	0	5	0	5.1	5.966666667	1.932	0.28	2
0.2	6	17	5	0.5	8.2	3.366666667	2.272	1.06	2
0.2	6	20	5	0.3	8.3	3.033333333	2.082	1.75	2
0.2	6	21	5	0	9.5	2.7	1.973	3.96	2
0.2	6	9	6	0.1	7	3.366666667	2.295	1.75	2
0.2	6	23	6	0	12.6	2.766666667	2.262	0.76	2
0.2	6	20	7	0.3	8.3	3.033333333	2.136	1.75	2
0.2	6	16	7	0	8.5	3.133333333	2.378	1.22	2
0.2	6	21	7	0	9.5	2.7	2.127	3.96	2
0.2	6	16	8	0	8.5	3.133333333	2.459	1.22	2
0.2	6	-4	8	0	3.1	3.566666667	2.23	0.05	2
0.2	6	9	8	0.1	7	3.366666667	2.054	1.75	2
0.2	6	16	9	0	8.5	3.133333333	2.282	1.22	2
0.2	6	7	9	0	6.7	2.2	2.497	1.85	2
0.2	6	3	10	0	5.7	3.933333333	2.097	0.18	2
0.2	6	25	10	0	10.1	1	2.166	0.69	2
0.2	6	18	10	1.7	8.2	3.166666667	2.264	0.76	2
0.2	6	15	11	0	6.9	2.566666667	2.23	0.43	2
0.2	6	22	11	0	10.8	3.733333333	2.043	1.55	2
0.2	6	22	11	0	10.8	3.733333333	2.239	1.55	2
0.2	6	21	11	0	9.5	2.7	2.027	3.96	2
0.2	6	6	12	0	5.9	1.9	2.135	0.76	2
0.2	6	21	12	0	9.5	2.7	2.302	3.96	2
0.2	6	21	14	0	9.5	2.7	2.329	3.96	2
0.3	6	5	2	0	4.8	2.466666667	2.248	0.39	2
0.3	6	25	2	0	10.1	1	2.112	0.69	2
0.3	6	32	3	0	17.6	0.933333333	2.097	0.3	2
0.3	6	27	3	0	16.9	2	1.972	0.96	2
0.3	6	19	3	0	8.7	2.3	2.069	0.72	2
0.3	6	9	3	0.1	7	3.366666667	2	1.75	2
0.3	6	28	4	0	17.8	3.066666667	2.173	0.66	2
0.3	6	22	4	0	10.8	3.733333333	2.07	1.55	2
0.3	6	21	4	0	9.5	2.7	1.972	3.96	2
0.3	6	26	5	0	12.1	2.033333333	2.113	1.05	2
0.3	6	16	6	0	8.5	3.133333333	2.322	1.22	2
0.3	6	19	6	0	8.7	2.3	2.386	0.72	2
0.3	6	18	6	1.7	8.2	3.166666667	2.242	0.76	2
0.3	6	20	7	0.3	8.3	3.033333333	2.208	1.75	2
0.3	6	7	7	0	6.7	2.2	2.316	1.85	2
0.3	6	7	7	0	6.7	2.2	2.35	1.85	2
0.3	6	22	7	0	10.8	3.733333333	2.069	1.55	2
0.3	6	17	8	0.5	8.2	3.366666667	2.271	1.06	2
0.3	6	26	8	0	12.1	2.033333333	2.295	1.05	2
0.3	6	21	8	0	9.5	2.7	2.057	3.96	2
0.3	6	20	9	0.3	8.3	3.033333333	2.134	1.75	2
0.3	6	15	9	0	6.9	2.566666667	2.296	0.43	2
0.3	6	9	9	0.1	7	3.366666667	2.242	1.75	2
0.3	6	7	9	0	6.7	2.2	2.306	1.85	2
0.3	6	22	10	0	10.8	3.733333333	2.277	1.55	2
0.3	6	21	10	0	9.5	2.7	2.382	3.96	2
0.3	6	9	11	0.1	7	3.366666667	2.04	1.75	2
0.3	6	3	13	0	5.7	3.933333333	2.208	0.18	2
0.3	6	19	13	0	8.7	2.3	2.253	0.72	2
0.3	6	15	13	0	6.9	2.566666667	2.25	0.43	2
0.3	6	19	15	0	8.7	2.3	2.338	0.72	2
0.4	6	25	1	0	10.1	1	2.28	0.69	2
0.4	6	19	1	0	8.7	2.3	2.11	0.72	2
0.4	6	25	2	0	10.1	1	2.21	0.69	2
0.4	6	7	3	0	6.7	2.2	2.181	1.85	2
0.4	6	32	4	0	17.6	0.933333333	2.239	0.3	2
0.4	6	5	4	0	4.8	2.466666667	2.138	0.39	2
0.4	6	24	4	0	10.8	2.4	1.985	0.78	2
0.4	6	23	4	0	12.6	2.766666667	2.257	0.76	2
0.4	6	6	5	0	5.9	1.9	2.134	0.76	2
0.4	6	27	5	0	16.9	2	2.086	0.96	2
0.4	6	25	7	0	10.1	1	2.306	0.69	2
0.4	6	26	8	0	12.1	2.033333333	2.183	1.05	2
0.4	6	6	8	0	5.9	1.9	2.254	0.76	2
0.4	6	17	9	0.5	8.2	3.366666667	2.185	1.06	2
0.4	6	20	10	0.3	8.3	3.033333333	2.014	1.75	2
0.4	6	21	11	0	9.5	2.7	2.266	3.96	2
0.4	6	21	12	0	9.5	2.7	2.055	3.96	2
0.4	6	27	16	0	16.9	2	2.084	0.96	2
0.4	6	28	16	0	17.8	3.066666667	2.173	0.66	2
0.5	6	9	1	0.1	7	3.366666667	2.083	1.75	2
0.5	6	7	3	0	6.7	2.2	2.273	1.85	2
0.5	6	28	4	0	17.8	3.066666667	2.042	0.66	2
0.5	6	29	5	0	12.6	2.733333333	2.041	0.34	2
0.5	6	25	6	0	10.1	1	2.196	0.69	2
0.5	6	23	6	0	12.6	2.766666667	2.084	0.76	2
0.5	6	7	6	0	6.7	2.2	2.297	1.85	2
0.5	6	-2	6	0	2.1	2.166666667	2.233	0.05	2
0.5	6	20	6	0.3	8.3	3.033333333	2.178	1.75	2
0.5	6	27	7	0	16.9	2	2.378	0.96	2
0.5	6	6	7	0	5.9	1.9	2.209	0.76	2
0.5	6	25	8	0	10.1	1	2.082	0.69	2
0.5	6	27	8	0	16.9	2	2.088	0.96	2
0.5	6	21	9	0	9.5	2.7	2.25	3.96	2
0.5	6	28	9	0	17.8	3.066666667	2.142	0.66	2
0.5	6	9	9	0.1	7	3.366666667	2.142	1.75	2
0.5	6	25	10	0	10.1	1	2.082	0.69	2
0.5	6	19	10	0	8.7	2.3	2.027	0.72	2
0.5	6	22	10	0	10.8	3.733333333	2.097	1.55	2
0.5	6	7	10	0	6.7	2.2	2.135	1.85	2
0.5	6	15	11	0	6.9	2.566666667	2.361	0.43	2
0.5	6	21	11	0	9.5	2.7	2.23	3.96	2
0.5	6	21	11	0	9.5	2.7	2.234	3.96	2
0.5	6	18	12	1.7	8.2	3.166666667	2.167	0.76	2
0.5	6	22	12	0	10.8	3.733333333	1.971	1.55	2
0.5	6	30	15	0	9.8	2.066666667	2.128	0.06	2
0.6	6	9	1	0.1	7	3.366666667	1.986	1.75	2
0.6	6	27	2	0	16.9	2	2.07	0.96	2
0.6	6	27	5	0	16.9	2	2	0.96	2
0.6	6	-1	6	0	3.4	1.933333333	2.041	0.05	2
0.6	6	19	6	0	8.7	2.3	2.313	0.72	2
0.6	6	26	6	0	12.1	2.033333333	2	1.05	2
0.6	6	16	6	0	8.5	3.133333333	2.231	1.22	2
0.6	6	5	6	0	4.8	2.466666667	2.446	0.39	2
0.6	6	29	7	0	12.6	2.733333333	1.875	0.34	2
0.6	6	22	7	0	10.8	3.733333333	1.986	1.55	2
0.6	6	3	8	0	5.7	3.933333333	2.145	0.18	2
0.6	6	20	8	0.3	8.3	3.033333333	1.973	1.75	2
0.6	6	26	8	0	12.1	2.033333333	2.229	1.05	2
0.6	6	22	9	0	10.8	3.733333333	2.081	1.55	2
0.6	6	21	9	0	9.5	2.7	2.072	3.96	2
0.6	6	20	9	0.3	8.3	3.033333333	2.086	1.75	2
0.6	6	28	10	0	17.8	3.066666667	1.902	0.66	2
0.6	6	25	11	0	10.1	1	2.259	0.69	2
0.6	6	21	11	0	9.5	2.7	2.248	3.96	2
0.6	6	21	11	0	9.5	2.7	1.847	3.96	2
0.6	6	17	13	0.5	8.2	3.366666667	2.268	1.06	2
0.6	6	23	16	0	12.6	2.766666667	2.173	0.76	2
0.7	6	32	3	0	17.6	0.933333333	2.042	0.3	2
0.7	6	17	5	0.5	8.2	3.366666667	2.013	1.06	2
0.7	6	32	5	0	17.6	0.933333333	2.177	0.3	2
0.7	6	20	5	0.3	8.3	3.033333333	2.12	1.75	2
0.7	6	29	6	0	12.6	2.733333333	1.872	0.34	2
0.7	6	20	6	0.3	8.3	3.033333333	1.944	1.75	2
0.7	6	21	6	0	9.5	2.7	2.042	3.96	2
0.7	6	21	7	0	9.5	2.7	2.193	3.96	2
0.7	6	8	7	0.9	7.9	4.833333333	2.093	0.65	2
0.7	6	22	8	0	10.8	3.733333333	2.113	1.55	2
0.7	6	3	10	0	5.7	3.933333333	2.095	0.18	2
0.7	6	19	10	0	8.7	2.3	2.056	0.72	2
0.7	6	20	10	0.3	8.3	3.033333333	2.109	1.75	2
0.7	6	24	11	0	10.8	2.4	2	0.78	2
0.7	6	24	11	0	10.8	2.4	2.14	0.78	2
0.7	6	17	12	0.5	8.2	3.366666667	2.405	1.06	2
0.7	6	21	12	0	9.5	2.7	2.284	3.96	2
0.7	6	5	13	0	4.8	2.466666667	2.196	0.39	2
0.7	6	21	16	0	9.5	2.7	2.196	3.96	2
0.8	6	7	7	0	6.7	2.2	2.178	1.85	2
0.8	6	22	7	0	10.8	3.733333333	2.14	1.55	2
0.8	6	26	8	0	12.1	2.033333333	2.068	1.05	2
0.8	6	20	8	0.3	8.3	3.033333333	2.111	1.75	2
0.8	6	22	9	0	10.8	3.733333333	2	1.55	2
0.8	6	17	9	0.5	8.2	3.366666667	1.959	1.06	2
0.8	6	24	11	0	10.8	2.4	2.141	0.78	2
0.8	6	20	11	0.3	8.3	3.033333333	2.257	1.75	2
0.8	6	24	14	0	10.8	2.4	2.141	0.78	2
0.9	6	24	4	0	10.8	2.4	2.027	0.78	2
0.9	6	33	5	0	18.3	0.833333333	2.188	0.12	2
0.9	6	28	5	0	17.8	3.066666667	2.197	0.66	2
0.9	6	16	6	0	8.5	3.133333333	2.137	1.22	2
0.9	6	21	7	0	9.5	2.7	2.143	3.96	2
0.9	6	26	8	0	12.1	2.033333333	2.517	1.05	2
0.9	6	22	9	0	10.8	3.733333333	2	1.55	2
0.9	6	7	9	0	6.7	2.2	2.106	1.85	2
0.9	6	21	9	0	9.5	2.7	2.371	3.96	2
0.9	6	25	11	0	10.1	1	2.238	0.69	2
0.9	6	23	11	0	12.6	2.766666667	2.31	0.76	2
0.9	6	21	11	0	9.5	2.7	2.253	3.96	2
0.9	6	24	12	0	10.8	2.4	2.07	0.78	2
0.9	6	7	14	0	6.7	2.2	2.094	1.85	2
0.9	6	22	15	0	10.8	3.733333333	2.109	1.55	2
1	6	32	2	0	17.6	0.933333333	2.135	0.3	2
1	6	27	3	0	16.9	2	2.043	0.96	2
1	6	8	6	0.9	7.9	4.833333333	2.267	0.65	2
1	6	26	6	0	12.1	2.033333333	2.174	1.05	2
1	6	23	7	0	12.6	2.766666667	2.142	0.76	2
1	6	29	8	0	12.6	2.733333333	1.986	0.34	2
1	6	-4	9	0	3.1	3.566666667	2.247	0.05	2
1	6	20	9	0.3	8.3	3.033333333	2.028	1.75	2
1	6	22	10	0	10.8	3.733333333	2.186	1.55	2
1	6	21	14	0	9.5	2.7	2.156	3.96	2
1	6	26	15	0	12.1	2.033333333	1.986	1.05	2
1	6	27	16	0	16.9	2	2.151	0.96	2
1	6	17	16	0.5	8.2	3.366666667	2.112	1.06	2
1.1	6	27	1	0	16.9	2	2.154	0.96	2
1.1	6	24	7	0	10.8	2.4	2.083	0.78	2
1.1	6	24	8	0	10.8	2.4	2.189	0.78	2
1.1	6	23	10	0	12.6	2.766666667	2.041	0.76	2
1.1	6	22	12	0	10.8	3.733333333	2.028	1.55	2
1.1	6	18	13	1.7	8.2	3.166666667	2.259	0.76	2
1.1	6	9	13	0.1	7	3.366666667	2.041	1.75	2
1.2	6	7	7	0	6.7	2.2	2.427	1.85	2
1.2	6	25	8	0	10.1	1	2.253	0.69	2
1.2	6	20	9	0.3	8.3	3.033333333	2.187	1.75	2
1.2	6	9	11	0.1	7	3.366666667	2.197	1.75	2
1.2	6	16	13	0	8.5	3.133333333	2.227	1.22	2
1.2	6	28	14	0	17.8	3.066666667	1.941	0.66	2
1.2	6	17	14	0.5	8.2	3.366666667	2.083	1.06	2
1.2	6	25	15	0	10.1	1	2.196	0.69	2
1.2	6	20	15	0.3	8.3	3.033333333	2.073	1.75	2
1.3	6	18	2	1.7	8.2	3.166666667	1.958	0.76	2
1.3	6	21	11	0	9.5	2.7	2.054	3.96	2
1.3	6	31	11	0	15.4	1.633333333	2.3	0.15	2
1.3	6	21	11	0	9.5	2.7	2.081	3.96	2
1.3	6	1	13	3	3.7	6.8	2.013	0.09	2
1.3	6	29	15	0	12.6	2.733333333	2	0.34	2
1.3	6	32	16	0	17.6	0.933333333	2.094	0.3	2
1.4	6	22	7	0	10.8	3.733333333	1.944	1.55	2
1.4	6	27	11	0	16.9	2	2.208	0.96	2
1.5	6	20	7	0.3	8.3	3.033333333	2.118	1.75	2
1.5	6	27	9	0	16.9	2	2.144	0.96	2
1.5	6	20	9	0.3	8.3	3.033333333	2.2	1.75	2
1.5	6	27	11	0	16.9	2	2.041	0.96	2
1.5	6	9	12	0.1	7	3.366666667	2.234	1.75	2
1.7	6	9	11	0.1	7	3.366666667	2.342	1.75	2
1.8	6	29	14	0	12.6	2.733333333	2.144	0.34	2
2	6	20	15	0.3	8.3	3.033333333	1.957	1.75	2
2.1	6	28	4	0	17.8	3.066666667	2.07	0.66	2
-2.3	7	14	3	0	4.5	1.266666667	2.471	0.69	2
-1.6	7	6	5	0	3.4	2.8	2.577	0.44	2
-1.2	7	15	2	0	4.7	2.933333333	2.472	0.39	2
-1.2	7	31	4	0	7.1	3.333333333	2.292	1.37	2
-1.2	7	10	8	0	5.6	2.566666667	2.25	0.88	2
-1	7	12	2	0	6.7	2.3	2.493	1.16	2
-1	7	10	3	0	5.6	2.566666667	2.276	0.88	2
-0.9	7	12	1	0	6.7	2.3	2.365	1.16	2
-0.9	7	13	9	0	4.4	2.7	2.224	0.61	2
-0.8	7	26	7	0.3	7.6	3.933333333	2.719	0.41	2
-0.7	7	12	1	0	6.7	2.3	2.494	1.16	2
-0.7	7	32	2	1.2	8.1	0.9	2.233	0.41	2
-0.7	7	7	2	0	7.3	2.4	2.345	2.48	2
-0.7	7	7	3	0	7.3	2.4	2.213	2.48	2
-0.7	7	23	4	1.7	5.7	2.466666667	2.255	0.33	2
-0.7	7	22	5	1.2	5.8	1.833333333	2.388	0.15	2
-0.7	7	10	8	0	5.6	2.566666667	2.294	0.88	2
-0.6	7	7	1	0	7.3	2.4	2.219	2.48	2
-0.6	7	10	1	0	5.6	2.566666667	2.221	0.88	2
-0.6	7	30	2	0	9.4	2.166666667	2.463	1.4	2
-0.6	7	34	2	0	13.3	2.3	2.164	0.18	2
-0.6	7	8	2	0	7.2	2.133333333	2.403	0.95	2
-0.6	7	14	3	0	4.5	1.266666667	2.123	0.69	2
-0.6	7	25	3	2.8	4.7	5.466666667	2.229	1.21	2
-0.6	7	7	3	0	7.3	2.4	2.26	2.48	2
-0.6	7	8	5	0	7.2	2.133333333	2.331	0.95	2
-0.6	7	23	6	1.7	5.7	2.466666667	2.394	0.33	2
-0.6	7	10	8	0	5.6	2.566666667	2.254	0.88	2
-0.6	7	14	9	0	4.5	1.266666667	2.169	0.69	2
-0.5	7	26	1	0.3	7.6	3.933333333	2.486	0.41	2
-0.5	7	6	1	0	3.4	2.8	2.314	0.44	2
-0.5	7	10	1	0	5.6	2.566666667	2.239	0.88	2
-0.5	7	12	1	0	6.7	2.3	2.289	1.16	2
-0.5	7	11	2	0	7.4	0.866666667	2.423	0.48	2
-0.5	7	7	2	0	7.3	2.4	2.446	2.48	2
-0.5	7	27	3	0	9.5	1.6	2.521	0.15	2
-0.5	7	10	3	0	5.6	2.566666667	2.533	0.88	2
-0.5	7	12	3	0	6.7	2.3	2.192	1.16	2
-0.5	7	30	3	0	9.4	2.166666667	2.112	1.4	2
-0.5	7	11	4	0	7.4	0.866666667	2.183	0.48	2
-0.5	7	31	4	0	7.1	3.333333333	2.315	1.37	2
-0.5	7	30	4	0	9.4	2.166666667	2.276	1.4	2
-0.5	7	7	4	0	7.3	2.4	2.014	2.48	2
-0.5	7	14	5	0	4.5	1.266666667	2.503	0.69	2
-0.5	7	9	5	0	6.2	2.7	2.286	1.66	2
-0.5	7	7	5	0	7.3	2.4	2.195	2.48	2
-0.5	7	25	6	2.8	4.7	5.466666667	2.373	1.21	2
-0.5	7	11	7	0	7.4	0.866666667	2.395	0.48	2
-0.4	7	23	1	1.7	5.7	2.466666667	2.231	0.33	2
-0.4	7	10	1	0	5.6	2.566666667	2.162	0.88	2
-0.4	7	7	1	0	7.3	2.4	2.361	2.48	2
-0.4	7	7	1	0	7.3	2.4	2.264	2.48	2
-0.4	7	7	1	0	7.3	2.4	2.336	2.48	2
-0.4	7	24	2	3.2	5.7	5.433333333	2.203	0.29	2
-0.4	7	16	2	0.4	3.6	2.733333333	2.562	0.15	2
-0.4	7	15	2	0	4.7	2.933333333	2.153	0.39	2
-0.4	7	30	2	0	9.4	2.166666667	2.372	1.4	2
-0.4	7	9	2	0	6.2	2.7	2.245	1.66	2
-0.4	7	23	3	1.7	5.7	2.466666667	2.592	0.33	2
-0.4	7	23	4	1.7	5.7	2.466666667	2.362	0.33	2
-0.4	7	5	4	0	7.1	2.833333333	1.972	0.21	2
-0.4	7	23	4	1.7	5.7	2.466666667	2.44	0.33	2
-0.4	7	25	6	2.8	4.7	5.466666667	2.493	1.21	2
-0.4	7	12	8	0	6.7	2.3	2.2	1.16	2
-0.4	7	26	8	0.3	7.6	3.933333333	2.34	0.41	2
-0.3	7	24	1	3.2	5.7	5.433333333	2.606	0.29	2
-0.3	7	24	1	3.2	5.7	5.433333333	2.395	0.29	2
-0.3	7	11	1	0	7.4	0.866666667	2.192	0.48	2
-0.3	7	8	1	0	7.2	2.133333333	2.183	0.95	2
-0.3	7	12	1	0	6.7	2.3	2.338	1.16	2
-0.3	7	7	1	0	7.3	2.4	2.149	2.48	2
-0.3	7	34	1	0	13.3	2.3	2.238	0.18	2
-0.3	7	6	2	0	3.4	2.8	1.933	0.44	2
-0.3	7	11	2	0	7.4	0.866666667	2.254	0.48	2
-0.3	7	8	2	0	7.2	2.133333333	2.069	0.95	2
-0.3	7	9	2	0	6.2	2.7	2.11	1.66	2
-0.3	7	9	2	0	6.2	2.7	2.069	1.66	2
-0.3	7	9	2	0	6.2	2.7	2.097	1.66	2
-0.3	7	9	2	0	6.2	2.7	2.105	1.66	2
-0.3	7	7	2	0	7.3	2.4	2.392	2.48	2
-0.3	7	24	2	3.2	5.7	5.433333333	2.071	0.29	2
-0.3	7	7	2	0	7.3	2.4	2.362	2.48	2
-0.3	7	7	3	0	7.3	2.4	2.126	2.48	2
-0.3	7	7	3	0	7.3	2.4	2.085	2.48	2
-0.3	7	31	4	0	7.1	3.333333333	2.082	1.37	2
-0.3	7	7	4	0	7.3	2.4	2.014	2.48	2
-0.3	7	11	5	0	7.4	0.866666667	2.422	0.48	2
-0.3	7	25	5	2.8	4.7	5.466666667	2.26	1.21	2
-0.3	7	6	6	0	3.4	2.8	2.486	0.44	2
-0.3	7	31	6	0	7.1	3.333333333	2.188	1.37	2
-0.3	7	12	7	0	6.7	2.3	2.579	1.16	2
-0.3	7	12	8	0	6.7	2.3	2.507	1.16	2
-0.3	7	9	10	0	6.2	2.7	2.245	1.66	2
-0.3	7	9	11	0	6.2	2.7	2.257	1.66	2
-0.2	7	27	1	0	9.5	1.6	2.25	0.15	2
-0.2	7	26	1	0.3	7.6	3.933333333	2.027	0.41	2
-0.2	7	32	1	1.2	8.1	0.9	1.986	0.41	2
-0.2	7	32	1	1.2	8.1	0.9	2.324	0.41	2
-0.2	7	11	1	0	7.4	0.866666667	2.148	0.48	2
-0.2	7	10	1	0	5.6	2.566666667	2.196	0.88	2
-0.2	7	8	1	0	7.2	2.133333333	2.056	0.95	2
-0.2	7	25	1	2.8	4.7	5.466666667	2.057	1.21	2
-0.2	7	31	1	0	7.1	3.333333333	2.306	1.37	2
-0.2	7	9	1	0	6.2	2.7	2.14	1.66	2
-0.2	7	7	1	0	7.3	2.4	2.214	2.48	2
-0.2	7	7	1	0	7.3	2.4	2.137	2.48	2
-0.2	7	7	1	0	7.3	2.4	2.466	2.48	2
-0.2	7	22	2	1.2	5.8	1.833333333	2.37	0.15	2
-0.2	7	11	2	0	7.4	0.866666667	2.158	0.48	2
-0.2	7	31	2	0	7.1	3.333333333	2.028	1.37	2
-0.2	7	7	2	0	7.3	2.4	2.143	2.48	2
-0.2	7	14	3	0	4.5	1.266666667	2.07	0.69	2
-0.2	7	7	3	0	7.3	2.4	2.083	2.48	2
-0.2	7	16	3	0.4	3.6	2.733333333	2.084	0.15	2
-0.2	7	8	3	0	7.2	2.133333333	2.589	0.95	2
-0.2	7	9	3	0	6.2	2.7	2.194	1.66	2
-0.2	7	14	4	0	4.5	1.266666667	2.276	0.69	2
-0.2	7	9	4	0	6.2	2.7	2.286	1.66	2
-0.2	7	9	4	0	6.2	2.7	2	1.66	2
-0.2	7	7	5	0	7.3	2.4	2.149	2.48	2
-0.2	7	26	6	0.3	7.6	3.933333333	2.426	0.41	2
-0.2	7	7	7	0	7.3	2.4	2.472	2.48	2
-0.2	7	12	7	0	6.7	2.3	2.15	1.16	2
-0.2	7	10	8	0	5.6	2.566666667	2.35	0.88	2
-0.2	7	25	13	2.8	4.7	5.466666667	2.266	1.21	2
-0.2	7	23	13	1.7	5.7	2.466666667	2.23	0.33	2
-0.1	7	10	1	0	5.6	2.566666667	2.218	0.88	2
-0.1	7	28	1	3	5.9	3.666666667	2.097	0.1	2
-0.1	7	15	1	0	4.7	2.933333333	2.081	0.39	2
-0.1	7	14	1	0	4.5	1.266666667	2.203	0.69	2
-0.1	7	31	1	0	7.1	3.333333333	2.308	1.37	2
-0.1	7	7	1	0	7.3	2.4	1.93	2.48	2
-0.1	7	7	1	0	7.3	2.4	2.427	2.48	2
-0.1	7	25	1	2.8	4.7	5.466666667	2.228	1.21	2
-0.1	7	31	1	0	7.1	3.333333333	2.37	1.37	2
-0.1	7	34	2	0	13.3	2.3	2.203	0.18	2
-0.1	7	23	2	1.7	5.7	2.466666667	2.119	0.33	2
-0.1	7	23	2	1.7	5.7	2.466666667	2.204	0.33	2
-0.1	7	7	2	0	7.3	2.4	2.367	2.48	2
-0.1	7	7	2	0	7.3	2.4	2.338	2.48	2
-0.1	7	6	3	0	3.4	2.8	2.306	0.44	2
-0.1	7	13	3	0	4.4	2.7	2.143	0.61	2
-0.1	7	10	3	0	5.6	2.566666667	2.26	0.88	2
-0.1	7	7	3	0	7.3	2.4	2.423	2.48	2
-0.1	7	6	4	0	3.4	2.8	2.189	0.44	2
-0.1	7	6	4	0	3.4	2.8	2.26	0.44	2
-0.1	7	24	4	3.2	5.7	5.433333333	2.324	0.29	2
-0.1	7	11	6	0	7.4	0.866666667	2.081	0.48	2
-0.1	7	14	6	0	4.5	1.266666667	2.197	0.69	2
-0.1	7	9	8	0	6.2	2.7	2.378	1.66	2
-0.1	7	15	8	0	4.7	2.933333333	2.183	0.39	2
-0.1	7	14	9	0	4.5	1.266666667	2.329	0.69	2
-0.1	7	30	9	0	9.4	2.166666667	2.241	1.4	2
-0.1	7	14	10	0	4.5	1.266666667	2.309	0.69	2
-0.1	7	30	13	0	9.4	2.166666667	2.562	1.4	2
-0.1	7	32	14	1.2	8.1	0.9	2.199	0.41	2
0	7	15	1	0	4.7	2.933333333	1.974	0.39	2
0	7	6	1	0	3.4	2.8	2.224	0.44	2
0	7	6	1	0	3.4	2.8	1.973	0.44	2
0	7	14	1	0	4.5	1.266666667	2.042	0.69	2
0	7	7	1	0	7.3	2.4	2.118	2.48	2
0	7	11	2	0	7.4	0.866666667	2.056	0.48	2
0	7	8	2	0	7.2	2.133333333	2.107	0.95	2
0	7	7	2	0	7.3	2.4	1.972	2.48	2
0	7	24	3	3.2	5.7	5.433333333	2.168	0.29	2
0	7	8	3	0	7.2	2.133333333	2.189	0.95	2
0	7	25	3	2.8	4.7	5.466666667	2.261	1.21	2
0	7	11	4	0	7.4	0.866666667	2.194	0.48	2
0	7	10	4	0	5.6	2.566666667	2.284	0.88	2
0	7	13	5	0	4.4	2.7	2.333	0.61	2
0	7	31	5	0	7.1	3.333333333	2.166	1.37	2
0	7	7	5	0	7.3	2.4	2.28	2.48	2
0	7	10	6	0	5.6	2.566666667	2.465	0.88	2
0	7	31	6	0	7.1	3.333333333	2.276	1.37	2
0	7	9	6	0	6.2	2.7	2.308	1.66	2
0	7	7	6	0	7.3	2.4	2.083	2.48	2
0	7	13	7	0	4.4	2.7	2.224	0.61	2
0	7	31	8	0	7.1	3.333333333	2.383	1.37	2
0	7	12	10	0	6.7	2.3	2.083	1.16	2
0	7	31	10	0	7.1	3.333333333	2.239	1.37	2
0	7	9	10	0	6.2	2.7	2.312	1.66	2
0	7	12	11	0	6.7	2.3	2.171	1.16	2
0	7	12	13	0	6.7	2.3	2.068	1.16	2
0.1	7	35	2	1.2	14	2.966666667	1.986	0.08	2
0.1	7	6	2	0	3.4	2.8	1.959	0.44	2
0.1	7	31	2	0	7.1	3.333333333	2.338	1.37	2
0.1	7	30	2	0	9.4	2.166666667	2.083	1.4	2
0.1	7	7	2	0	7.3	2.4	2.27	2.48	2
0.1	7	7	2	0	7.3	2.4	2.259	2.48	2
0.1	7	23	4	1.7	5.7	2.466666667	2.164	0.33	2
0.1	7	6	4	0	3.4	2.8	2.268	0.44	2
0.1	7	13	5	0	4.4	2.7	2.278	0.61	2
0.1	7	5	6	0	7.1	2.833333333	2.493	0.21	2
0.1	7	24	6	3.2	5.7	5.433333333	2.196	0.29	2
0.1	7	8	6	0	7.2	2.133333333	2.079	0.95	2
0.1	7	25	6	2.8	4.7	5.466666667	2.197	1.21	2
0.1	7	31	6	0	7.1	3.333333333	1.972	1.37	2
0.1	7	24	6	3.2	5.7	5.433333333	2.188	0.29	2
0.1	7	8	7	0	7.2	2.133333333	2.213	0.95	2
0.1	7	7	7	0	7.3	2.4	2.29	2.48	2
0.1	7	10	8	0	5.6	2.566666667	2.456	0.88	2
0.1	7	13	12	0	4.4	2.7	2.028	0.61	2
0.1	7	9	12	0	6.2	2.7	2.164	1.66	2
0.1	7	37	16	0	12.3	2.566666667	2.48	0.11	2
0.2	7	7	2	0	7.3	2.4	2.233	2.48	2
0.2	7	9	4	0	6.2	2.7	2.013	1.66	2
0.2	7	9	4	0	6.2	2.7	2.192	1.66	2
0.2	7	14	4	0	4.5	1.266666667	2.125	0.69	2
0.2	7	6	5	0	3.4	2.8	1.972	0.44	2
0.2	7	11	5	0	7.4	0.866666667	2.189	0.48	2
0.2	7	12	6	0	6.7	2.3	2.331	1.16	2
0.2	7	25	6	2.8	4.7	5.466666667	2.154	1.21	2
0.2	7	32	7	1.2	8.1	0.9	2.057	0.41	2
0.2	7	7	7	0	7.3	2.4	2.147	2.48	2
0.2	7	7	8	0	7.3	2.4	2.327	2.48	2
0.2	7	7	8	0	7.3	2.4	2.141	2.48	2
0.2	7	31	10	0	7.1	3.333333333	2.286	1.37	2
0.2	7	7	11	0	7.3	2.4	2.163	2.48	2
0.2	7	32	12	1.2	8.1	0.9	2.17	0.41	2
0.2	7	25	12	2.8	4.7	5.466666667	2.111	1.21	2
0.2	7	14	14	0	4.5	1.266666667	2.154	0.69	2
0.2	7	31	15	0	7.1	3.333333333	2.085	1.37	2
0.3	7	15	1	0	4.7	2.933333333	2.028	0.39	2
0.3	7	31	1	0	7.1	3.333333333	2.027	1.37	2
0.3	7	18	3	1.6	1.2	4.7	2.264	0.02	2
0.3	7	9	3	0	6.2	2.7	2.26	1.66	2
0.3	7	31	4	0	7.1	3.333333333	2.197	1.37	2
0.3	7	17	5	5	2.3	4.366666667	2.143	0.06	2
0.3	7	28	5	3	5.9	3.666666667	2.301	0.1	2
0.3	7	9	5	0	6.2	2.7	2.37	1.66	2
0.3	7	9	5	0	6.2	2.7	2.266	1.66	2
0.3	7	7	5	0	7.3	2.4	2.286	2.48	2
0.3	7	14	6	0	4.5	1.266666667	2.219	0.69	2
0.3	7	7	6	0	7.3	2.4	2.139	2.48	2
0.3	7	30	7	0	9.4	2.166666667	2.288	1.4	2
0.3	7	31	8	0	7.1	3.333333333	2.264	1.37	2
0.3	7	12	10	0	6.7	2.3	2.21	1.16	2
0.3	7	13	10	0	4.4	2.7	2.375	0.61	2
0.3	7	11	11	0	7.4	0.866666667	2.083	0.48	2
0.3	7	31	12	0	7.1	3.333333333	2.127	1.37	2
0.3	7	29	15	0	7	1.6	2.362	0.39	2
0.4	7	14	1	0	4.5	1.266666667	2.194	0.69	2
0.4	7	29	3	0	7	1.6	2.236	0.39	2
0.4	7	14	5	0	4.5	1.266666667	2.131	0.69	2
0.4	7	9	6	0	6.2	2.7	2.056	1.66	2
0.4	7	29	6	0	7	1.6	2.098	0.39	2
0.4	7	6	7	0	3.4	2.8	2.295	0.44	2
0.4	7	11	9	0	7.4	0.866666667	2.338	0.48	2
0.4	7	13	10	0	4.4	2.7	2.101	0.61	2
0.4	7	9	10	0	6.2	2.7	2.027	1.66	2
0.4	7	0	11	0	-0.6	1.2	2.252	0.05	2
0.4	7	23	11	1.7	5.7	2.466666667	2.107	0.33	2
0.4	7	27	14	0	9.5	1.6	2.123	0.15	2
0.5	7	7	1	0	7.3	2.4	2.207	2.48	2
0.5	7	24	3	3.2	5.7	5.433333333	2.097	0.29	2
0.5	7	29	8	0	7	1.6	2.245	0.39	2
0.5	7	14	8	0	4.5	1.266666667	2.24	0.69	2
0.5	7	14	9	0	4.5	1.266666667	2.173	0.69	2
0.5	7	31	15	0	7.1	3.333333333	2.317	1.37	2
0.6	7	5	3	0	7.1	2.833333333	2.041	0.21	2
0.6	7	12	5	0	6.7	2.3	2.221	1.16	2
0.6	7	11	6	0	7.4	0.866666667	2.319	0.48	2
0.6	7	7	6	0	7.3	2.4	2.288	2.48	2
0.6	7	30	7	0	9.4	2.166666667	2.284	1.4	2
0.6	7	14	11	0	4.5	1.266666667	2.07	0.69	2
0.6	7	10	12	0	5.6	2.566666667	2.081	0.88	2
0.6	7	30	12	0	9.4	2.166666667	2.331	1.4	2
0.6	7	6	13	0	3.4	2.8	2.282	0.44	2
0.7	7	10	5	0	5.6	2.566666667	2.135	0.88	2
0.7	7	9	6	0	6.2	2.7	2.173	1.66	2
0.7	7	7	7	0	7.3	2.4	2	2.48	2
0.7	7	6	10	0	3.4	2.8	2.082	0.44	2
0.7	7	30	10	0	9.4	2.166666667	2.201	1.4	2
0.7	7	34	11	0	13.3	2.3	2.2	0.18	2
0.7	7	13	13	0	4.4	2.7	2.099	0.61	2
0.7	7	12	14	0	6.7	2.3	2.178	1.16	2
0.7	7	8	14	0	7.2	2.133333333	2.183	0.95	2
0.7	7	25	15	2.8	4.7	5.466666667	1.943	1.21	2
0.8	7	5	2	0	7.1	2.833333333	2.094	0.21	2
0.9	7	8	6	0	7.2	2.133333333	2.164	0.95	2
0.9	7	26	9	0.3	7.6	3.933333333	2	0.41	2
0.9	7	9	9	0	6.2	2.7	2.091	1.66	2
0.9	7	9	10	0	6.2	2.7	1.918	1.66	2
1	7	31	1	0	7.1	3.333333333	2.143	1.37	2
1	7	10	2	0	5.6	2.566666667	2.156	0.88	2
1	7	7	9	0	7.3	2.4	2.19	2.48	2
1	7	14	11	0	4.5	1.266666667	2.282	0.69	2
1	7	30	13	0	9.4	2.166666667	2.234	1.4	2
1	7	16	14	0.4	3.6	2.733333333	2.21	0.15	2
1	7	16	14	0.4	3.6	2.733333333	2.21	0.15	2
1.1	7	31	9	0	7.1	3.333333333	2.112	1.37	2
1.1	7	27	12	0	9.5	1.6	2.352	0.15	2
1.1	7	14	14	0	4.5	1.266666667	2.196	0.69	2
1.2	7	7	9	0	7.3	2.4	2.32	2.48	2
1.2	7	15	11	0	4.7	2.933333333	2.193	0.39	2
1.2	7	31	12	0	7.1	3.333333333	2.289	1.37	2
1.3	7	9	9	0	6.2	2.7	2.083	1.66	2
1.3	7	30	13	0	9.4	2.166666667	2.139	1.4	2
1.4	7	30	7	0	9.4	2.166666667	2.084	1.4	2
1.4	7	7	9	0	7.3	2.4	2.205	2.48	2
1.6	7	12	14	0	6.7	2.3	2.4	1.16	2
-2.2	8	22	10	0	8	1.9	2.293	1.84	2
-2.1	8	23	8	0	8.3	2.3	2.375	8.33	2
-1.6	8	28	2	0	8.9	2.666666667	2.333	0.83	2
-1.5	8	24	3	0	10.5	3.733333333	2.192	0.58	2
-1.5	8	22	4	0	8	1.9	2.699	1.84	2
-1.4	8	18	4	2.1	7.2	2.466666667	2.221	1.18	2
-1.2	8	20	6	0	8.4	1.333333333	2.364	0.79	2
-1.1	8	21	2	0.8	8.3	3.233333333	2.528	0.62	2
-1.1	8	19	4	0	9.2	2.133333333	2.427	1.72	2
-1.1	8	15	7	0	7.9	1.866666667	2.595	0.26	2
-1	8	7	3	0	3.9	2.633333333	2.507	0.78	2
-1	8	22	3	0	8	1.9	2.622	1.84	2
-1	8	17	3	0.8	7.4	6.4	2.065	2.15	2
-1	8	33	4	1	11.8	2.133333333	2.375	0.13	2
-1	8	23	5	0	8.3	2.3	2.452	8.33	2
-0.9	8	23	2	0	8.3	2.3	2.392	8.33	2
-0.9	8	26	2	0	8.7	1.266666667	2.167	0.54	2
-0.9	8	19	2	0	9.2	2.133333333	2.173	1.72	2
-0.9	8	32	3	0	8.3	2.833333333	2.413	0.46	2
-0.9	8	26	3	0	8.7	1.266666667	2.294	0.54	2
-0.9	8	3	4	0	5.8	1.3	2.389	0.24	2
-0.9	8	23	4	0	8.3	2.3	2.378	8.33	2
-0.9	8	18	4	2.1	7.2	2.466666667	2.323	1.18	2
-0.9	8	6	5	0	5.5	2.4	2.395	1.57	2
-0.9	8	19	6	0	9.2	2.133333333	2.564	1.72	2
-0.9	8	23	9	0	8.3	2.3	2.503	8.33	2
-0.8	8	27	1	0.1	8.8	1.433333333	2.233	6.58	2
-0.8	8	24	2	0	10.5	3.733333333	2.167	0.58	2
-0.8	8	17	2	0.8	7.4	6.4	2.507	2.15	2
-0.8	8	27	3	0.1	8.8	1.433333333	2.357	6.58	2
-0.8	8	23	3	0	8.3	2.3	2.397	8.33	2
-0.8	8	23	4	0	8.3	2.3	2.19	8.33	2
-0.8	8	27	5	0.1	8.8	1.433333333	2.61	6.58	2
-0.8	8	23	5	0	8.3	2.3	2.428	8.33	2
-0.8	8	26	6	0	8.7	1.266666667	2.2	0.54	2
-0.8	8	4	6	0	5.4	2.766666667	2.23	0.64	2
-0.8	8	27	6	0.1	8.8	1.433333333	2.306	6.58	2
-0.8	8	20	7	0	8.4	1.333333333	2.485	0.79	2
-0.8	8	18	12	2.1	7.2	2.466666667	2.358	1.18	2
-0.8	8	23	12	0	8.3	2.3	2.317	8.33	2
-0.8	8	6	15	0	5.5	2.4	2.459	1.57	2
-0.7	8	7	1	0	3.9	2.633333333	2.188	0.78	2
-0.7	8	17	1	0.8	7.4	6.4	2.426	2.15	2
-0.7	8	5	2	0	6.3	1.366666667	2.172	1.22	2
-0.7	8	22	2	0	8	1.9	2.493	1.84	2
-0.7	8	17	2	0.8	7.4	6.4	2.316	2.15	2
-0.7	8	27	2	0.1	8.8	1.433333333	2.257	6.58	2
-0.7	8	23	3	0	8.3	2.3	2.344	8.33	2
-0.7	8	29	4	0	8.5	2.766666667	2.529	0.62	2
-0.7	8	27	4	0.1	8.8	1.433333333	2.52	6.58	2
-0.7	8	23	4	0	8.3	2.3	2.247	8.33	2
-0.7	8	30	5	0	11.5	3.033333333	2.479	1.02	2
-0.7	8	23	6	0	8.3	2.3	2.286	8.33	2
-0.7	8	5	8	0	6.3	1.366666667	2.547	1.22	2
-0.7	8	19	8	0	9.2	2.133333333	2.403	1.72	2
-0.7	8	27	8	0.1	8.8	1.433333333	2.292	6.58	2
-0.7	8	30	10	0	11.5	3.033333333	2.296	1.02	2
-0.7	8	17	10	0.8	7.4	6.4	2.207	2.15	2
-0.7	8	23	10	0	8.3	2.3	2.299	8.33	2
-0.7	8	27	15	0.1	8.8	1.433333333	2.169	6.58	2
-0.6	8	27	1	0.1	8.8	1.433333333	2.278	6.58	2
-0.6	8	23	1	0	8.3	2.3	2.253	8.33	2
-0.6	8	22	1	0	8	1.9	2.437	1.84	2
-0.6	8	21	2	0.8	8.3	3.233333333	2.195	0.62	2
-0.6	8	16	2	0	9.8	4.3	2.395	1.2	2
-0.6	8	22	2	0	8	1.9	2.454	1.84	2
-0.6	8	22	2	0	8	1.9	2.378	1.84	2
-0.6	8	27	2	0.1	8.8	1.433333333	2.319	6.58	2
-0.6	8	18	3	2.1	7.2	2.466666667	2.267	1.18	2
-0.6	8	33	3	1	11.8	2.133333333	2.535	0.13	2
-0.6	8	29	3	0	8.5	2.766666667	2.027	0.62	2
-0.6	8	18	3	2.1	7.2	2.466666667	2.211	1.18	2
-0.6	8	6	3	0	5.5	2.4	2.213	1.57	2
-0.6	8	25	4	1.2	9.6	4.066666667	2.171	0.25	2
-0.6	8	4	4	0	5.4	2.766666667	2.169	0.64	2
-0.6	8	4	4	0	5.4	2.766666667	2.476	0.64	2
-0.6	8	17	4	0.8	7.4	6.4	2.466	2.15	2
-0.6	8	27	4	0.1	8.8	1.433333333	2.274	6.58	2
-0.6	8	29	5	0	8.5	2.766666667	2.225	0.62	2
-0.6	8	23	5	0	8.3	2.3	2.225	8.33	2
-0.6	8	21	6	0.8	8.3	3.233333333	2.222	0.62	2
-0.6	8	19	7	0	9.2	2.133333333	2.473	1.72	2
-0.6	8	23	7	0	8.3	2.3	2.271	8.33	2
-0.6	8	30	8	0	11.5	3.033333333	2.257	1.02	2
-0.6	8	23	8	0	8.3	2.3	2.187	8.33	2
-0.6	8	23	8	0	8.3	2.3	2.136	8.33	2
-0.6	8	27	11	0.1	8.8	1.433333333	2.414	6.58	2
-0.6	8	27	13	0.1	8.8	1.433333333	2.163	6.58	2
-0.5	8	27	1	0.1	8.8	1.433333333	2.324	6.58	2
-0.5	8	8	1	0	2.9	3.2	2.106	0.22	2
-0.5	8	24	1	0	10.5	3.733333333	2.378	0.58	2
-0.5	8	7	1	0	3.9	2.633333333	2.274	0.78	2
-0.5	8	18	1	2.1	7.2	2.466666667	2.358	1.18	2
-0.5	8	5	1	0	6.3	1.366666667	2.255	1.22	2
-0.5	8	19	1	0	9.2	2.133333333	2.274	1.72	2
-0.5	8	19	1	0	9.2	2.133333333	2.152	1.72	2
-0.5	8	27	1	0.1	8.8	1.433333333	2.52	6.58	2
-0.5	8	22	1	0	8	1.9	2.193	1.84	2
-0.5	8	6	2	0	5.5	2.4	2.177	1.57	2
-0.5	8	23	2	0	8.3	2.3	2.29	8.33	2
-0.5	8	31	2	6.1	9.6	3.166666667	2.28	0.37	2
-0.5	8	29	2	0	8.5	2.766666667	2.194	0.62	2
-0.5	8	6	2	0	5.5	2.4	2.411	1.57	2
-0.5	8	19	2	0	9.2	2.133333333	2.014	1.72	2
-0.5	8	22	2	0	8	1.9	2.295	1.84	2
-0.5	8	22	2	0	8	1.9	2.397	1.84	2
-0.5	8	22	2	0	8	1.9	2.156	1.84	2
-0.5	8	22	2	0	8	1.9	2.387	1.84	2
-0.5	8	27	2	0.1	8.8	1.433333333	2.319	6.58	2
-0.5	8	27	2	0.1	8.8	1.433333333	2.352	6.58	2
-0.5	8	23	2	0	8.3	2.3	1.987	8.33	2
-0.5	8	34	2	3	8.7	1.733333333	2.286	1.05	2
-0.5	8	29	3	0	8.5	2.766666667	2.14	0.62	2
-0.5	8	6	3	0	5.5	2.4	2.367	1.57	2
-0.5	8	19	3	0	9.2	2.133333333	2.604	1.72	2
-0.5	8	27	3	0.1	8.8	1.433333333	2.183	6.58	2
-0.5	8	27	3	0.1	8.8	1.433333333	2.297	6.58	2
-0.5	8	27	3	0.1	8.8	1.433333333	2.435	6.58	2
-0.5	8	23	3	0	8.3	2.3	2.227	8.33	2
-0.5	8	30	3	0	11.5	3.033333333	2.236	1.02	2
-0.5	8	23	3	0	8.3	2.3	2.192	8.33	2
-0.5	8	31	4	6.1	9.6	3.166666667	2.199	0.37	2
-0.5	8	34	4	3	8.7	1.733333333	2.085	1.05	2
-0.5	8	22	4	0	8	1.9	2.24	1.84	2
-0.5	8	27	4	0.1	8.8	1.433333333	2.286	6.58	2
-0.5	8	23	4	0	8.3	2.3	2.239	8.33	2
-0.5	8	22	4	0	8	1.9	2.224	1.84	2
-0.5	8	30	5	0	11.5	3.033333333	2.125	1.02	2
-0.5	8	34	5	3	8.7	1.733333333	2.331	1.05	2
-0.5	8	6	5	0	5.5	2.4	2.362	1.57	2
-0.5	8	27	5	0.1	8.8	1.433333333	2.473	6.58	2
-0.5	8	22	6	0	8	1.9	2.32	1.84	2
-0.5	8	25	6	1.2	9.6	4.066666667	2.151	0.25	2
-0.5	8	30	6	0	11.5	3.033333333	2.288	1.02	2
-0.5	8	27	6	0.1	8.8	1.433333333	2.311	6.58	2
-0.5	8	18	7	2.1	7.2	2.466666667	2.376	1.18	2
-0.5	8	25	7	1.2	9.6	4.066666667	2.211	0.25	2
-0.5	8	30	7	0	11.5	3.033333333	2.238	1.02	2
-0.5	8	28	8	0	8.9	2.666666667	2.204	0.83	2
-0.5	8	35	9	0	11.2	5.366666667	2.221	0.22	2
-0.5	8	16	9	0	9.8	4.3	2.248	1.2	2
-0.5	8	27	9	0.1	8.8	1.433333333	2.73	6.58	2
-0.5	8	27	11	0.1	8.8	1.433333333	2.296	6.58	2
-0.5	8	27	11	0.1	8.8	1.433333333	2.169	6.58	2
-0.5	8	30	15	0	11.5	3.033333333	2.426	1.02	2
-0.4	8	22	1	0	8	1.9	2.413	1.84	2
-0.4	8	0	1	0	3.9	2.233333333	2.344	0.23	2
-0.4	8	24	1	0	10.5	3.733333333	2.48	0.58	2
-0.4	8	6	1	0	5.5	2.4	2.197	1.57	2
-0.4	8	6	1	0	5.5	2.4	2.21	1.57	2
-0.4	8	6	1	0	5.5	2.4	2.55	1.57	2
-0.4	8	6	1	0	5.5	2.4	2.167	1.57	2
-0.4	8	19	1	0	9.2	2.133333333	2.167	1.72	2
-0.4	8	17	1	0.8	7.4	6.4	2.463	2.15	2
-0.4	8	32	1	0	8.3	2.833333333	2.278	0.46	2
-0.4	8	17	1	0.8	7.4	6.4	2.248	2.15	2
-0.4	8	27	1	0.1	8.8	1.433333333	2.327	6.58	2
-0.4	8	23	1	0	8.3	2.3	2.164	8.33	2
-0.4	8	5	2	0	6.3	1.366666667	2.028	1.22	2
-0.4	8	6	2	0	5.5	2.4	2.204	1.57	2
-0.4	8	6	2	0	5.5	2.4	2.503	1.57	2
-0.4	8	19	2	0	9.2	2.133333333	2.338	1.72	2
-0.4	8	22	2	0	8	1.9	2.111	1.84	2
-0.4	8	17	2	0.8	7.4	6.4	2.452	2.15	2
-0.4	8	27	2	0.1	8.8	1.433333333	2.182	6.58	2
-0.4	8	23	2	0	8.3	2.3	2.157	8.33	2
-0.4	8	23	2	0	8.3	2.3	2.483	8.33	2
-0.4	8	23	2	0	8.3	2.3	2.227	8.33	2
-0.4	8	23	2	0	8.3	2.3	2.278	8.33	2
-0.4	8	23	2	0	8.3	2.3	2.193	8.33	2
-0.4	8	27	2	0.1	8.8	1.433333333	1.931	6.58	2
-0.4	8	21	3	0.8	8.3	3.233333333	2.152	0.62	2
-0.4	8	4	3	0	5.4	2.766666667	2.107	0.64	2
-0.4	8	27	3	0.1	8.8	1.433333333	2.231	6.58	2
-0.4	8	27	3	0.1	8.8	1.433333333	2.446	6.58	2
-0.4	8	27	3	0.1	8.8	1.433333333	2.31	6.58	2
-0.4	8	23	3	0	8.3	2.3	2.192	8.33	2
-0.4	8	23	3	0	8.3	2.3	2.291	8.33	2
-0.4	8	5	3	0	6.3	1.366666667	2.263	1.22	2
-0.4	8	27	4	0.1	8.8	1.433333333	2.21	6.58	2
-0.4	8	32	4	0	8.3	2.833333333	2.329	0.46	2
-0.4	8	20	4	0	8.4	1.333333333	2.364	0.79	2
-0.4	8	27	4	0.1	8.8	1.433333333	2.391	6.58	2
-0.4	8	6	5	0	5.5	2.4	2.235	1.57	2
-0.4	8	6	5	0	5.5	2.4	2.121	1.57	2
-0.4	8	27	6	0.1	8.8	1.433333333	2.486	6.58	2
-0.4	8	23	6	0	8.3	2.3	2.054	8.33	2
-0.4	8	27	7	0.1	8.8	1.433333333	2.111	6.58	2
-0.4	8	27	7	0.1	8.8	1.433333333	2.214	6.58	2
-0.4	8	6	8	0	5.5	2.4	2.354	1.57	2
-0.4	8	27	9	0.1	8.8	1.433333333	2.186	6.58	2
-0.4	8	21	10	0.8	8.3	3.233333333	2.254	0.62	2
-0.3	8	8	1	0	2.9	3.2	2.291	0.22	2
-0.3	8	8	1	0	2.9	3.2	2.507	0.22	2
-0.3	8	24	1	0	10.5	3.733333333	2.07	0.58	2
-0.3	8	21	1	0.8	8.3	3.233333333	2.222	0.62	2
-0.3	8	28	1	0	8.9	2.666666667	2.2	0.83	2
-0.3	8	30	1	0	11.5	3.033333333	2.213	1.02	2
-0.3	8	30	1	0	11.5	3.033333333	2.338	1.02	2
-0.3	8	34	1	3	8.7	1.733333333	2.056	1.05	2
-0.3	8	18	1	2.1	7.2	2.466666667	2.454	1.18	2
-0.3	8	5	1	0	6.3	1.366666667	2.149	1.22	2
-0.3	8	6	1	0	5.5	2.4	2.235	1.57	2
-0.3	8	19	1	0	9.2	2.133333333	2.315	1.72	2
-0.3	8	19	1	0	9.2	2.133333333	2.199	1.72	2
-0.3	8	17	1	0.8	7.4	6.4	2.376	2.15	2
-0.3	8	27	1	0.1	8.8	1.433333333	2.345	6.58	2
-0.3	8	27	1	0.1	8.8	1.433333333	2.192	6.58	2
-0.3	8	27	1	0.1	8.8	1.433333333	2.153	6.58	2
-0.3	8	27	1	0.1	8.8	1.433333333	2.312	6.58	2
-0.3	8	27	1	0.1	8.8	1.433333333	2.275	6.58	2
-0.3	8	27	1	0.1	8.8	1.433333333	2.186	6.58	2
-0.3	8	27	1	0.1	8.8	1.433333333	2.1	6.58	2
-0.3	8	23	1	0	8.3	2.3	2.577	8.33	2
-0.3	8	23	1	0	8.3	2.3	2.435	8.33	2
-0.3	8	23	1	0	8.3	2.3	2.252	8.33	2
-0.3	8	34	1	3	8.7	1.733333333	2.113	1.05	2
-0.3	8	19	1	0	9.2	2.133333333	2.25	1.72	2
-0.3	8	27	1	0.1	8.8	1.433333333	2	6.58	2
-0.3	8	27	1	0.1	8.8	1.433333333	2.333	6.58	2
-0.3	8	27	2	0.1	8.8	1.433333333	2.239	6.58	2
-0.3	8	24	2	0	10.5	3.733333333	2.236	0.58	2
-0.3	8	29	2	0	8.5	2.766666667	2.219	0.62	2
-0.3	8	4	2	0	5.4	2.766666667	2.4	0.64	2
-0.3	8	7	2	0	3.9	2.633333333	1.973	0.78	2
-0.3	8	28	2	0	8.9	2.666666667	2.365	0.83	2
-0.3	8	30	2	0	11.5	3.033333333	2.171	1.02	2
-0.3	8	16	2	0	9.8	4.3	2.162	1.2	2
-0.3	8	5	2	0	6.3	1.366666667	2.108	1.22	2
-0.3	8	19	2	0	9.2	2.133333333	2.123	1.72	2
-0.3	8	27	2	0.1	8.8	1.433333333	2.182	6.58	2
-0.3	8	27	2	0.1	8.8	1.433333333	2.331	6.58	2
-0.3	8	27	2	0.1	8.8	1.433333333	2.225	6.58	2
-0.3	8	27	2	0.1	8.8	1.433333333	2.29	6.58	2
-0.3	8	23	2	0	8.3	2.3	2.321	8.33	2
-0.3	8	23	2	0	8.3	2.3	2	8.33	2
-0.3	8	23	2	0	8.3	2.3	2.027	8.33	2
-0.3	8	23	2	0	8.3	2.3	2.08	8.33	2
-0.3	8	23	2	0	8.3	2.3	2.152	8.33	2
-0.3	8	23	2	0	8.3	2.3	2.168	8.33	2
-0.3	8	19	2	0	9.2	2.133333333	2.244	1.72	2
-0.3	8	27	2	0.1	8.8	1.433333333	2.178	6.58	2
-0.3	8	23	2	0	8.3	2.3	2.055	8.33	2
-0.3	8	21	3	0.8	8.3	3.233333333	2.361	0.62	2
-0.3	8	21	3	0.8	8.3	3.233333333	2.43	0.62	2
-0.3	8	4	3	0	5.4	2.766666667	2.146	0.64	2
-0.3	8	30	3	0	11.5	3.033333333	2.329	1.02	2
-0.3	8	16	3	0	9.8	4.3	2.218	1.2	2
-0.3	8	22	3	0	8	1.9	2.04	1.84	2
-0.3	8	27	3	0.1	8.8	1.433333333	2.264	6.58	2
-0.3	8	27	3	0.1	8.8	1.433333333	2.308	6.58	2
-0.3	8	27	3	0.1	8.8	1.433333333	2.133	6.58	2
-0.3	8	23	3	0	8.3	2.3	2.082	8.33	2
-0.3	8	23	3	0	8.3	2.3	2.336	8.33	2
-0.3	8	23	3	0	8.3	2.3	2.137	8.33	2
-0.3	8	5	4	0	6.3	1.366666667	2.095	1.22	2
-0.3	8	27	4	0.1	8.8	1.433333333	2.25	6.58	2
-0.3	8	27	4	0.1	8.8	1.433333333	2.296	6.58	2
-0.3	8	17	5	0.8	7.4	6.4	2.336	2.15	2
-0.3	8	23	5	0	8.3	2.3	2.172	8.33	2
-0.3	8	25	6	1.2	9.6	4.066666667	2.389	0.25	2
-0.3	8	20	6	0	8.4	1.333333333	2.184	0.79	2
-0.3	8	22	6	0	8	1.9	2.437	1.84	2
-0.3	8	27	6	0.1	8.8	1.433333333	2.514	6.58	2
-0.3	8	27	6	0.1	8.8	1.433333333	2.141	6.58	2
-0.3	8	27	6	0.1	8.8	1.433333333	2.072	6.58	2
-0.3	8	27	6	0.1	8.8	1.433333333	2.347	6.58	2
-0.3	8	23	6	0	8.3	2.3	2.193	8.33	2
-0.3	8	23	6	0	8.3	2.3	2.15	8.33	2
-0.3	8	5	6	0	6.3	1.366666667	2.238	1.22	2
-0.3	8	30	7	0	11.5	3.033333333	2.208	1.02	2
-0.3	8	19	7	0	9.2	2.133333333	2.129	1.72	2
-0.3	8	18	8	2.1	7.2	2.466666667	2.438	1.18	2
-0.3	8	27	8	0.1	8.8	1.433333333	2.11	6.58	2
-0.3	8	27	8	0.1	8.8	1.433333333	2.406	6.58	2
-0.3	8	29	9	0	8.5	2.766666667	2.254	0.62	2
-0.3	8	27	9	0.1	8.8	1.433333333	2.352	6.58	2
-0.3	8	23	9	0	8.3	2.3	2.303	8.33	2
-0.3	8	6	11	0	5.5	2.4	2.129	1.57	2
-0.3	8	27	13	0.1	8.8	1.433333333	2.289	6.58	2
-0.3	8	27	13	0.1	8.8	1.433333333	2.428	6.58	2
-0.3	8	23	15	0	8.3	2.3	2.425	8.33	2
-0.2	8	15	1	0	7.9	1.866666667	2.19	0.26	2
-0.2	8	34	1	3	8.7	1.733333333	1.96	1.05	2
-0.2	8	6	1	0	5.5	2.4	2.434	1.57	2
-0.2	8	27	1	0.1	8.8	1.433333333	2.216	6.58	2
-0.2	8	23	1	0	8.3	2.3	2.243	8.33	2
-0.2	8	8	1	0	2.9	3.2	2.274	0.22	2
-0.2	8	8	1	0	2.9	3.2	2.541	0.22	2
-0.2	8	26	1	0	8.7	1.266666667	2.459	0.54	2
-0.2	8	7	1	0	3.9	2.633333333	2.183	0.78	2
-0.2	8	28	1	0	8.9	2.666666667	2.333	0.83	2
-0.2	8	30	1	0	11.5	3.033333333	2.254	1.02	2
-0.2	8	34	1	3	8.7	1.733333333	1.89	1.05	2
-0.2	8	34	1	3	8.7	1.733333333	2.058	1.05	2
-0.2	8	18	1	2.1	7.2	2.466666667	2.286	1.18	2
-0.2	8	16	1	0	9.8	4.3	2.151	1.2	2
-0.2	8	16	1	0	9.8	4.3	2.297	1.2	2
-0.2	8	16	1	0	9.8	4.3	2.11	1.2	2
-0.2	8	5	1	0	6.3	1.366666667	2.204	1.22	2
-0.2	8	5	1	0	6.3	1.366666667	2.213	1.22	2
-0.2	8	5	1	0	6.3	1.366666667	2.096	1.22	2
-0.2	8	6	1	0	5.5	2.4	2.053	1.57	2
-0.2	8	6	1	0	5.5	2.4	2.338	1.57	2
-0.2	8	6	1	0	5.5	2.4	2.297	1.57	2
-0.2	8	19	1	0	9.2	2.133333333	2.333	1.72	2
-0.2	8	22	1	0	8	1.9	1.836	1.84	2
-0.2	8	22	1	0	8	1.9	2.117	1.84	2
-0.2	8	17	1	0.8	7.4	6.4	2.04	2.15	2
-0.2	8	27	1	0.1	8.8	1.433333333	1.986	6.58	2
-0.2	8	27	1	0.1	8.8	1.433333333	2.197	6.58	2
-0.2	8	27	1	0.1	8.8	1.433333333	2.537	6.58	2
-0.2	8	27	1	0.1	8.8	1.433333333	2.277	6.58	2
-0.2	8	23	1	0	8.3	2.3	2.288	8.33	2
-0.2	8	23	1	0	8.3	2.3	2.197	8.33	2
-0.2	8	23	1	0	8.3	2.3	2.227	8.33	2
-0.2	8	23	1	0	8.3	2.3	2.19	8.33	2
-0.2	8	23	1	0	8.3	2.3	2.243	8.33	2
-0.2	8	23	1	0	8.3	2.3	2.199	8.33	2
-0.2	8	16	1	0	9.8	4.3	2.387	1.2	2
-0.2	8	6	1	0	5.5	2.4	2.25	1.57	2
-0.2	8	22	1	0	8	1.9	2.284	1.84	2
-0.2	8	17	1	0.8	7.4	6.4	2.34	2.15	2
-0.2	8	17	1	0.8	7.4	6.4	2.16	2.15	2
-0.2	8	27	1	0.1	8.8	1.433333333	2.19	6.58	2
-0.2	8	27	1	0.1	8.8	1.433333333	2.238	6.58	2
-0.2	8	27	1	0.1	8.8	1.433333333	2.408	6.58	2
-0.2	8	2	2	0	5.2	2.3	2.159	0.12	2
-0.2	8	2	2	0	5.2	2.3	2.201	0.12	2
-0.2	8	32	2	0	8.3	2.833333333	2.276	0.46	2
-0.2	8	4	2	0	5.4	2.766666667	2.282	0.64	2
-0.2	8	20	2	0	8.4	1.333333333	2.151	0.79	2
-0.2	8	20	2	0	8.4	1.333333333	2.248	0.79	2
-0.2	8	6	2	0	5.5	2.4	2.275	1.57	2
-0.2	8	6	2	0	5.5	2.4	1.973	1.57	2
-0.2	8	19	2	0	9.2	2.133333333	2.345	1.72	2
-0.2	8	19	2	0	9.2	2.133333333	2.493	1.72	2
-0.2	8	22	2	0	8	1.9	2.027	1.84	2
-0.2	8	22	2	0	8	1.9	2.38	1.84	2
-0.2	8	17	2	0.8	7.4	6.4	2.233	2.15	2
-0.2	8	27	2	0.1	8.8	1.433333333	2.342	6.58	2
-0.2	8	27	2	0.1	8.8	1.433333333	2.196	6.58	2
-0.2	8	27	2	0.1	8.8	1.433333333	2.296	6.58	2
-0.2	8	23	2	0	8.3	2.3	2.173	8.33	2
-0.2	8	23	2	0	8.3	2.3	2.336	8.33	2
-0.2	8	19	2	0	9.2	2.133333333	2.763	1.72	2
-0.2	8	8	3	0	2.9	3.2	2.211	0.22	2
-0.2	8	26	3	0	8.7	1.266666667	2.014	0.54	2
-0.2	8	4	3	0	5.4	2.766666667	2.384	0.64	2
-0.2	8	22	3	0	8	1.9	2.187	1.84	2
-0.2	8	27	3	0.1	8.8	1.433333333	2.111	6.58	2
-0.2	8	27	3	0.1	8.8	1.433333333	2.157	6.58	2
-0.2	8	27	3	0.1	8.8	1.433333333	2.14	6.58	2
-0.2	8	23	3	0	8.3	2.3	2.21	8.33	2
-0.2	8	23	3	0	8.3	2.3	2.013	8.33	2
-0.2	8	23	3	0	8.3	2.3	2.32	8.33	2
-0.2	8	23	3	0	8.3	2.3	2.188	8.33	2
-0.2	8	30	3	0	11.5	3.033333333	2.376	1.02	2
-0.2	8	18	3	2.1	7.2	2.466666667	2.297	1.18	2
-0.2	8	20	4	0	8.4	1.333333333	2.532	0.79	2
-0.2	8	28	4	0	8.9	2.666666667	2.139	0.83	2
-0.2	8	19	4	0	9.2	2.133333333	2.216	1.72	2
-0.2	8	27	4	0.1	8.8	1.433333333	2.403	6.58	2
-0.2	8	23	4	0	8.3	2.3	2.242	8.33	2
-0.2	8	23	4	0	8.3	2.3	2.264	8.33	2
-0.2	8	23	4	0	8.3	2.3	2.182	8.33	2
-0.2	8	23	4	0	8.3	2.3	2.314	8.33	2
-0.2	8	24	5	0	10.5	3.733333333	2.384	0.58	2
-0.2	8	30	5	0	11.5	3.033333333	2.014	1.02	2
-0.2	8	17	5	0.8	7.4	6.4	2.371	2.15	2
-0.2	8	23	5	0	8.3	2.3	2.014	8.33	2
-0.2	8	27	5	0.1	8.8	1.433333333	2.284	6.58	2
-0.2	8	27	6	0.1	8.8	1.433333333	2.182	6.58	2
-0.2	8	23	6	0	8.3	2.3	2.142	8.33	2
-0.2	8	27	7	0.1	8.8	1.433333333	2.365	6.58	2
-0.2	8	27	7	0.1	8.8	1.433333333	2.371	6.58	2
-0.2	8	20	8	0	8.4	1.333333333	2.309	0.79	2
-0.2	8	23	8	0	8.3	2.3	2.014	8.33	2
-0.2	8	27	10	0.1	8.8	1.433333333	2.296	6.58	2
-0.2	8	23	11	0	8.3	2.3	1.973	8.33	2
-0.2	8	23	13	0	8.3	2.3	2.26	8.33	2
-0.1	8	20	1	0	8.4	1.333333333	2.203	0.79	2
-0.1	8	23	1	0	8.3	2.3	2.317	8.33	2
-0.1	8	2	1	0	5.2	2.3	2.138	0.12	2
-0.1	8	36	1	0	15.2	3.3	1.959	0.15	2
-0.1	8	36	1	0	15.2	3.3	1.944	0.15	2
-0.1	8	35	1	0	11.2	5.366666667	1.973	0.22	2
-0.1	8	7	1	0	3.9	2.633333333	1.893	0.78	2
-0.1	8	28	1	0	8.9	2.666666667	2.254	0.83	2
-0.1	8	34	1	3	8.7	1.733333333	2.056	1.05	2
-0.1	8	16	1	0	9.8	4.3	1.944	1.2	2
-0.1	8	16	1	0	9.8	4.3	2.181	1.2	2
-0.1	8	6	1	0	5.5	2.4	2.148	1.57	2
-0.1	8	6	1	0	5.5	2.4	2.107	1.57	2
-0.1	8	22	1	0	8	1.9	2.119	1.84	2
-0.1	8	22	1	0	8	1.9	2.148	1.84	2
-0.1	8	27	1	0.1	8.8	1.433333333	2.092	6.58	2
-0.1	8	27	1	0.1	8.8	1.433333333	2.014	6.58	2
-0.1	8	27	1	0.1	8.8	1.433333333	2.333	6.58	2
-0.1	8	27	1	0.1	8.8	1.433333333	2.099	6.58	2
-0.1	8	27	1	0.1	8.8	1.433333333	2.143	6.58	2
-0.1	8	27	1	0.1	8.8	1.433333333	2.081	6.58	2
-0.1	8	27	1	0.1	8.8	1.433333333	2.186	6.58	2
-0.1	8	23	1	0	8.3	2.3	2.07	8.33	2
-0.1	8	23	1	0	8.3	2.3	2.121	8.33	2
-0.1	8	23	1	0	8.3	2.3	2.069	8.33	2
-0.1	8	23	1	0	8.3	2.3	2.083	8.33	2
-0.1	8	23	1	0	8.3	2.3	2.247	8.33	2
-0.1	8	31	1	6.1	9.6	3.166666667	2.128	0.37	2
-0.1	8	6	1	0	5.5	2.4	2.347	1.57	2
-0.1	8	22	1	0	8	1.9	2.105	1.84	2
-0.1	8	27	1	0.1	8.8	1.433333333	2.108	6.58	2
-0.1	8	27	2	0.1	8.8	1.433333333	2.366	6.58	2
-0.1	8	25	2	1.2	9.6	4.066666667	2.125	0.25	2
-0.1	8	16	2	0	9.8	4.3	2.513	1.2	2
-0.1	8	5	2	0	6.3	1.366666667	2.132	1.22	2
-0.1	8	6	2	0	5.5	2.4	1.973	1.57	2
-0.1	8	6	2	0	5.5	2.4	2.228	1.57	2
-0.1	8	19	2	0	9.2	2.133333333	2.299	1.72	2
-0.1	8	27	2	0.1	8.8	1.433333333	2.066	6.58	2
-0.1	8	27	2	0.1	8.8	1.433333333	2.199	6.58	2
-0.1	8	27	2	0.1	8.8	1.433333333	2.315	6.58	2
-0.1	8	23	2	0	8.3	2.3	2.099	8.33	2
-0.1	8	23	2	0	8.3	2.3	2.042	8.33	2
-0.1	8	23	2	0	8.3	2.3	2.054	8.33	2
-0.1	8	20	2	0	8.4	1.333333333	2.294	0.79	2
-0.1	8	27	2	0.1	8.8	1.433333333	2.152	6.58	2
-0.1	8	27	2	0.1	8.8	1.433333333	2.19	6.58	2
-0.1	8	23	2	0	8.3	2.3	2.16	8.33	2
-0.1	8	23	2	0	8.3	2.3	2.134	8.33	2
-0.1	8	29	3	0	8.5	2.766666667	2.164	0.62	2
-0.1	8	4	3	0	5.4	2.766666667	2.122	0.64	2
-0.1	8	27	3	0.1	8.8	1.433333333	2	6.58	2
-0.1	8	27	3	0.1	8.8	1.433333333	2.097	6.58	2
-0.1	8	27	3	0.1	8.8	1.433333333	2.125	6.58	2
-0.1	8	23	3	0	8.3	2.3	2.367	8.33	2
-0.1	8	23	3	0	8.3	2.3	2.329	8.33	2
-0.1	8	6	3	0	5.5	2.4	2.245	1.57	2
-0.1	8	27	3	0.1	8.8	1.433333333	2.317	6.58	2
-0.1	8	16	4	0	9.8	4.3	2.252	1.2	2
-0.1	8	5	4	0	6.3	1.366666667	2.122	1.22	2
-0.1	8	27	4	0.1	8.8	1.433333333	1.972	6.58	2
-0.1	8	23	4	0	8.3	2.3	2.157	8.33	2
-0.1	8	23	4	0	8.3	2.3	2.135	8.33	2
-0.1	8	34	4	3	8.7	1.733333333	2.139	1.05	2
-0.1	8	35	5	0	11.2	5.366666667	2.096	0.22	2
-0.1	8	20	5	0	8.4	1.333333333	2.099	0.79	2
-0.1	8	20	5	0	8.4	1.333333333	2.342	0.79	2
-0.1	8	28	5	0	8.9	2.666666667	2.31	0.83	2
-0.1	8	5	5	0	6.3	1.366666667	2.106	1.22	2
-0.1	8	22	5	0	8	1.9	2.295	1.84	2
-0.1	8	22	5	0	8	1.9	2.313	1.84	2
-0.1	8	22	5	0	8	1.9	2.167	1.84	2
-0.1	8	27	5	0.1	8.8	1.433333333	2.014	6.58	2
-0.1	8	30	5	0	11.5	3.033333333	2.306	1.02	2
-0.1	8	22	5	0	8	1.9	2.367	1.84	2
-0.1	8	27	5	0.1	8.8	1.433333333	2.126	6.58	2
-0.1	8	18	6	2.1	7.2	2.466666667	2.293	1.18	2
-0.1	8	23	6	0	8.3	2.3	2.181	8.33	2
-0.1	8	19	7	0	9.2	2.133333333	2.349	1.72	2
-0.1	8	19	7	0	9.2	2.133333333	2.081	1.72	2
-0.1	8	27	7	0.1	8.8	1.433333333	1.957	6.58	2
-0.1	8	21	8	0.8	8.3	3.233333333	2.216	0.62	2
-0.1	8	23	8	0	8.3	2.3	2.133	8.33	2
-0.1	8	27	9	0.1	8.8	1.433333333	2.317	6.58	2
-0.1	8	23	9	0	8.3	2.3	2.38	8.33	2
-0.1	8	22	10	0	8	1.9	2.299	1.84	2
-0.1	8	23	10	0	8.3	2.3	2.136	8.33	2
-0.1	8	27	11	0.1	8.8	1.433333333	2.437	6.58	2
0	8	31	1	6.1	9.6	3.166666667	1.875	0.37	2
0	8	22	1	0	8	1.9	2.147	1.84	2
0	8	27	1	0.1	8.8	1.433333333	2.137	6.58	2
0	8	27	1	0.1	8.8	1.433333333	1.973	6.58	2
0	8	23	1	0	8.3	2.3	2.147	8.33	2
0	8	5	1	0	6.3	1.366666667	1.894	1.22	2
0	8	27	2	0.1	8.8	1.433333333	2.408	6.58	2
0	8	26	2	0	8.7	1.266666667	2.449	0.54	2
0	8	21	2	0.8	8.3	3.233333333	2.248	0.62	2
0	8	20	2	0	8.4	1.333333333	2.152	0.79	2
0	8	30	2	0	11.5	3.033333333	2.097	1.02	2
0	8	27	2	0.1	8.8	1.433333333	2.113	6.58	2
0	8	23	2	0	8.3	2.3	2.2	8.33	2
0	8	23	2	0	8.3	2.3	2.19	8.33	2
0	8	23	2	0	8.3	2.3	2.029	8.33	2
0	8	23	2	0	8.3	2.3	2.092	8.33	2
0	8	23	2	0	8.3	2.3	2.199	8.33	2
0	8	5	2	0	6.3	1.366666667	1.987	1.22	2
0	8	7	3	0	3.9	2.633333333	2.154	0.78	2
0	8	35	3	0	11.2	5.366666667	2.167	0.22	2
0	8	16	3	0	9.8	4.3	2.224	1.2	2
0	8	27	3	0.1	8.8	1.433333333	2.222	6.58	2
0	8	27	3	0.1	8.8	1.433333333	2.31	6.58	2
0	8	23	3	0	8.3	2.3	2.324	8.33	2
0	8	23	3	0	8.3	2.3	2.327	8.33	2
0	8	27	3	0.1	8.8	1.433333333	2.367	6.58	2
0	8	4	4	0	5.4	2.766666667	2.164	0.64	2
0	8	4	4	0	5.4	2.766666667	2.259	0.64	2
0	8	16	4	0	9.8	4.3	2.056	1.2	2
0	8	16	4	0	9.8	4.3	2.205	1.2	2
0	8	17	4	0.8	7.4	6.4	2.34	2.15	2
0	8	27	4	0.1	8.8	1.433333333	2.632	6.58	2
0	8	23	4	0	8.3	2.3	2.184	8.33	2
0	8	19	4	0	9.2	2.133333333	2.391	1.72	2
0	8	15	5	0	7.9	1.866666667	2.265	0.26	2
0	8	15	5	0	7.9	1.866666667	2.562	0.26	2
0	8	21	5	0.8	8.3	3.233333333	2.331	0.62	2
0	8	29	5	0	8.5	2.766666667	2.158	0.62	2
0	8	5	5	0	6.3	1.366666667	1.917	1.22	2
0	8	23	5	0	8.3	2.3	1.958	8.33	2
0	8	30	6	0	11.5	3.033333333	2.347	1.02	2
0	8	22	6	0	8	1.9	2.365	1.84	2
0	8	22	6	0	8	1.9	2.333	1.84	2
0	8	27	6	0.1	8.8	1.433333333	2.268	6.58	2
0	8	23	6	0	8.3	2.3	2.177	8.33	2
0	8	29	7	0	8.5	2.766666667	2.338	0.62	2
0	8	30	7	0	11.5	3.033333333	2.394	1.02	2
0	8	27	7	0.1	8.8	1.433333333	2.122	6.58	2
0	8	27	7	0.1	8.8	1.433333333	2.587	6.58	2
0	8	23	7	0	8.3	2.3	2.08	8.33	2
0	8	17	8	0.8	7.4	6.4	2.252	2.15	2
0	8	27	8	0.1	8.8	1.433333333	2.333	6.58	2
0	8	23	8	0	8.3	2.3	2.338	8.33	2
0	8	21	9	0.8	8.3	3.233333333	2.465	0.62	2
0	8	5	9	0	6.3	1.366666667	2.133	1.22	2
0	8	27	9	0.1	8.8	1.433333333	2.357	6.58	2
0	8	23	9	0	8.3	2.3	2.179	8.33	2
0	8	19	10	0	9.2	2.133333333	2.517	1.72	2
0	8	27	10	0.1	8.8	1.433333333	2.04	6.58	2
0	8	27	10	0.1	8.8	1.433333333	2.356	6.58	2
0	8	27	10	0.1	8.8	1.433333333	2.248	6.58	2
0	8	35	12	0	11.2	5.366666667	2.42	0.22	2
0	8	30	13	0	11.5	3.033333333	2.483	1.02	2
0	8	23	13	0	8.3	2.3	2.095	8.33	2
0	8	27	14	0.1	8.8	1.433333333	2	6.58	2
0.1	8	20	1	0	8.4	1.333333333	2.116	0.79	2
0.1	8	4	1	0	5.4	2.766666667	2.067	0.64	2
0.1	8	16	1	0	9.8	4.3	2.359	1.2	2
0.1	8	6	2	0	5.5	2.4	2.157	1.57	2
0.1	8	7	2	0	3.9	2.633333333	2.365	0.78	2
0.1	8	17	2	0.8	7.4	6.4	2.105	2.15	2
0.1	8	27	2	0.1	8.8	1.433333333	2.122	6.58	2
0.1	8	23	2	0	8.3	2.3	2.177	8.33	2
0.1	8	23	2	0	8.3	2.3	2.205	8.33	2
0.1	8	15	3	0	7.9	1.866666667	2.168	0.26	2
0.1	8	24	3	0	10.5	3.733333333	1.973	0.58	2
0.1	8	4	3	0	5.4	2.766666667	2.039	0.64	2
0.1	8	20	3	0	8.4	1.333333333	2.219	0.79	2
0.1	8	17	3	0.8	7.4	6.4	2.422	2.15	2
0.1	8	27	3	0.1	8.8	1.433333333	2.288	6.58	2
0.1	8	27	3	0.1	8.8	1.433333333	2.157	6.58	2
0.1	8	23	3	0	8.3	2.3	2.243	8.33	2
0.1	8	6	4	0	5.5	2.4	2.026	1.57	2
0.1	8	22	4	0	8	1.9	2.109	1.84	2
0.1	8	27	4	0.1	8.8	1.433333333	2.236	6.58	2
0.1	8	27	4	0.1	8.8	1.433333333	2.097	6.58	2
0.1	8	27	4	0.1	8.8	1.433333333	2.07	6.58	2
0.1	8	25	5	1.2	9.6	4.066666667	2.235	0.25	2
0.1	8	29	5	0	8.5	2.766666667	2.166	0.62	2
0.1	8	16	5	0	9.8	4.3	2.041	1.2	2
0.1	8	19	5	0	9.2	2.133333333	2.34	1.72	2
0.1	8	27	5	0.1	8.8	1.433333333	2.259	6.58	2
0.1	8	23	5	0	8.3	2.3	2.143	8.33	2
0.1	8	27	6	0.1	8.8	1.433333333	2.013	6.58	2
0.1	8	27	6	0.1	8.8	1.433333333	2.206	6.58	2
0.1	8	27	6	0.1	8.8	1.433333333	2.257	6.58	2
0.1	8	23	6	0	8.3	2.3	1.961	8.33	2
0.1	8	18	6	2.1	7.2	2.466666667	2.62	1.18	2
0.1	8	23	6	0	8.3	2.3	2.079	8.33	2
0.1	8	11	7	0	3.4	4.8	2.38	0.07	2
0.1	8	22	7	0	8	1.9	2.214	1.84	2
0.1	8	23	7	0	8.3	2.3	2.238	8.33	2
0.1	8	27	8	0.1	8.8	1.433333333	2.056	6.58	2
0.1	8	4	9	0	5.4	2.766666667	2.231	0.64	2
0.1	8	30	9	0	11.5	3.033333333	2.403	1.02	2
0.1	8	27	9	0.1	8.8	1.433333333	2.234	6.58	2
0.1	8	23	9	0	8.3	2.3	2.095	8.33	2
0.1	8	27	10	0.1	8.8	1.433333333	2.284	6.58	2
0.1	8	23	10	0	8.3	2.3	2.327	8.33	2
0.1	8	22	11	0	8	1.9	2.161	1.84	2
0.1	8	27	11	0.1	8.8	1.433333333	2.169	6.58	2
0.1	8	27	14	0.1	8.8	1.433333333	2.355	6.58	2
0.2	8	31	3	6.1	9.6	3.166666667	2.114	0.37	2
0.2	8	23	3	0	8.3	2.3	2.014	8.33	2
0.2	8	27	3	0.1	8.8	1.433333333	2.179	6.58	2
0.2	8	24	4	0	10.5	3.733333333	2.216	0.58	2
0.2	8	20	4	0	8.4	1.333333333	2.213	0.79	2
0.2	8	18	4	2.1	7.2	2.466666667	2.2	1.18	2
0.2	8	18	4	2.1	7.2	2.466666667	2.366	1.18	2
0.2	8	16	4	0	9.8	4.3	2.272	1.2	2
0.2	8	5	4	0	6.3	1.366666667	1.947	1.22	2
0.2	8	23	4	0	8.3	2.3	2.014	8.33	2
0.2	8	17	5	0.8	7.4	6.4	2.213	2.15	2
0.2	8	20	5	0	8.4	1.333333333	2.172	0.79	2
0.2	8	30	5	0	11.5	3.033333333	2.232	1.02	2
0.2	8	34	5	3	8.7	1.733333333	2.124	1.05	2
0.2	8	6	5	0	5.5	2.4	2.16	1.57	2
0.2	8	23	5	0	8.3	2.3	2.072	8.33	2
0.2	8	26	6	0	8.7	1.266666667	2.365	0.54	2
0.2	8	30	6	0	11.5	3.033333333	2.31	1.02	2
0.2	8	27	6	0.1	8.8	1.433333333	2.371	6.58	2
0.2	8	27	7	0.1	8.8	1.433333333	2.127	6.58	2
0.2	8	23	7	0	8.3	2.3	2.241	8.33	2
0.2	8	23	7	0	8.3	2.3	2.139	8.33	2
0.2	8	23	8	0	8.3	2.3	2.145	8.33	2
0.2	8	23	8	0	8.3	2.3	2.205	8.33	2
0.2	8	6	9	0	5.5	2.4	2.203	1.57	2
0.2	8	19	9	0	9.2	2.133333333	2.42	1.72	2
0.2	8	19	9	0	9.2	2.133333333	2.199	1.72	2
0.2	8	27	9	0.1	8.8	1.433333333	2.208	6.58	2
0.2	8	19	10	0	9.2	2.133333333	2.068	1.72	2
0.2	8	23	10	0	8.3	2.3	2.348	8.33	2
0.2	8	26	11	0	8.7	1.266666667	2.373	0.54	2
0.2	8	20	11	0	8.4	1.333333333	2.507	0.79	2
0.2	8	18	11	2.1	7.2	2.466666667	2.348	1.18	2
0.2	8	27	11	0.1	8.8	1.433333333	2.119	6.58	2
0.2	8	18	11	2.1	7.2	2.466666667	2.289	1.18	2
0.2	8	23	11	0	8.3	2.3	2.029	8.33	2
0.2	8	27	12	0.1	8.8	1.433333333	2.148	6.58	2
0.2	8	36	13	0	15.2	3.3	2.028	0.15	2
0.2	8	26	13	0	8.7	1.266666667	2.311	0.54	2
0.2	8	29	13	0	8.5	2.766666667	2.171	0.62	2
0.2	8	19	14	0	9.2	2.133333333	2.23	1.72	2
0.2	8	27	14	0.1	8.8	1.433333333	2.359	6.58	2
0.2	8	23	14	0	8.3	2.3	2.027	8.33	2
0.2	8	22	14	0	8	1.9	2.252	1.84	2
0.3	8	16	1	0	9.8	4.3	2.173	1.2	2
0.3	8	31	2	6.1	9.6	3.166666667	2.055	0.37	2
0.3	8	27	3	0.1	8.8	1.433333333	2.068	6.58	2
0.3	8	17	4	0.8	7.4	6.4	1.974	2.15	2
0.3	8	27	4	0.1	8.8	1.433333333	2.153	6.58	2
0.3	8	14	4	0	7	2.066666667	2.395	0.15	2
0.3	8	19	4	0	9.2	2.133333333	2.026	1.72	2
0.3	8	0	5	0	3.9	2.233333333	2.083	0.23	2
0.3	8	27	5	0.1	8.8	1.433333333	2.448	6.58	2
0.3	8	34	6	3	8.7	1.733333333	2.054	1.05	2
0.3	8	5	6	0	6.3	1.366666667	2.08	1.22	2
0.3	8	27	6	0.1	8.8	1.433333333	2.028	6.58	2
0.3	8	27	6	0.1	8.8	1.433333333	2.352	6.58	2
0.3	8	15	7	0	7.9	1.866666667	2.585	0.26	2
0.3	8	16	7	0	9.8	4.3	2.171	1.2	2
0.3	8	23	8	0	8.3	2.3	2.267	8.33	2
0.3	8	27	9	0.1	8.8	1.433333333	2.014	6.58	2
0.3	8	28	10	0	8.9	2.666666667	2.171	0.83	2
0.3	8	30	10	0	11.5	3.033333333	2.245	1.02	2
0.3	8	30	11	0	11.5	3.033333333	2.208	1.02	2
0.3	8	22	11	0	8	1.9	2.315	1.84	2
0.3	8	17	11	0.8	7.4	6.4	2.248	2.15	2
0.3	8	27	11	0.1	8.8	1.433333333	2.298	6.58	2
0.3	8	27	11	0.1	8.8	1.433333333	2.192	6.58	2
0.3	8	22	12	0	8	1.9	2.331	1.84	2
0.3	8	30	13	0	11.5	3.033333333	2.07	1.02	2
0.3	8	22	13	0	8	1.9	2.092	1.84	2
0.3	8	28	14	0	8.9	2.666666667	1.9	0.83	2
0.3	8	21	15	0.8	8.3	3.233333333	2.245	0.62	2
0.4	8	17	2	0.8	7.4	6.4	1.946	2.15	2
0.4	8	27	2	0.1	8.8	1.433333333	2.192	6.58	2
0.4	8	18	3	2.1	7.2	2.466666667	2.236	1.18	2
0.4	8	5	3	0	6.3	1.366666667	2.243	1.22	2
0.4	8	6	3	0	5.5	2.4	2.263	1.57	2
0.4	8	6	3	0	5.5	2.4	1.958	1.57	2
0.4	8	27	3	0.1	8.8	1.433333333	2.306	6.58	2
0.4	8	14	4	0	7	2.066666667	2.188	0.15	2
0.4	8	32	4	0	8.3	2.833333333	2.153	0.46	2
0.4	8	22	4	0	8	1.9	2.221	1.84	2
0.4	8	17	4	0.8	7.4	6.4	2.068	2.15	2
0.4	8	21	5	0.8	8.3	3.233333333	2.156	0.62	2
0.4	8	30	5	0	11.5	3.033333333	2.057	1.02	2
0.4	8	19	5	0	9.2	2.133333333	2.14	1.72	2
0.4	8	23	5	0	8.3	2.3	2.095	8.33	2
0.4	8	26	6	0	8.7	1.266666667	2.389	0.54	2
0.4	8	24	6	0	10.5	3.733333333	2.087	0.58	2
0.4	8	19	6	0	9.2	2.133333333	2.158	1.72	2
0.4	8	23	6	0	8.3	2.3	2.013	8.33	2
0.4	8	27	7	0.1	8.8	1.433333333	2.306	6.58	2
0.4	8	30	7	0	11.5	3.033333333	2.14	1.02	2
0.4	8	31	8	6.1	9.6	3.166666667	2.187	0.37	2
0.4	8	22	8	0	8	1.9	2.04	1.84	2
0.4	8	23	8	0	8.3	2.3	2.113	8.33	2
0.4	8	14	9	0	7	2.066666667	2.123	0.15	2
0.4	8	21	9	0.8	8.3	3.233333333	2.128	0.62	2
0.4	8	28	9	0	8.9	2.666666667	2.225	0.83	2
0.4	8	18	9	2.1	7.2	2.466666667	2.411	1.18	2
0.4	8	18	9	2.1	7.2	2.466666667	2.189	1.18	2
0.4	8	16	9	0	9.8	4.3	1.974	1.2	2
0.4	8	23	9	0	8.3	2.3	2.21	8.33	2
0.4	8	23	9	0	8.3	2.3	2.14	8.33	2
0.4	8	20	9	0	8.4	1.333333333	2.096	0.79	2
0.4	8	27	10	0.1	8.8	1.433333333	2.521	6.58	2
0.4	8	30	11	0	11.5	3.033333333	2.154	1.02	2
0.4	8	18	12	2.1	7.2	2.466666667	2.177	1.18	2
0.4	8	27	12	0.1	8.8	1.433333333	2.28	6.58	2
0.4	8	23	12	0	8.3	2.3	2.314	8.33	2
0.4	8	23	12	0	8.3	2.3	2.04	8.33	2
0.4	8	27	13	0.1	8.8	1.433333333	2.122	6.58	2
0.5	8	16	1	0	9.8	4.3	2.147	1.2	2
0.5	8	32	2	0	8.3	2.833333333	2.239	0.46	2
0.5	8	33	3	1	11.8	2.133333333	2.097	0.13	2
0.5	8	32	4	0	8.3	2.833333333	2.028	0.46	2
0.5	8	19	5	0	9.2	2.133333333	2.124	1.72	2
0.5	8	32	6	0	8.3	2.833333333	2.054	0.46	2
0.5	8	22	6	0	8	1.9	2.293	1.84	2
0.5	8	30	6	0	11.5	3.033333333	2.242	1.02	2
0.5	8	2	7	0	5.2	2.3	2.118	0.12	2
0.5	8	18	7	2.1	7.2	2.466666667	2.446	1.18	2
0.5	8	23	7	0	8.3	2.3	2.069	8.33	2
0.5	8	23	8	0	8.3	2.3	2.041	8.33	2
0.5	8	32	9	0	8.3	2.833333333	2.068	0.46	2
0.5	8	16	9	0	9.8	4.3	2.107	1.2	2
0.5	8	19	9	0	9.2	2.133333333	2.231	1.72	2
0.5	8	34	9	3	8.7	1.733333333	2.068	1.05	2
0.5	8	19	10	0	9.2	2.133333333	2.148	1.72	2
0.5	8	27	10	0.1	8.8	1.433333333	2.197	6.58	2
0.5	8	23	10	0	8.3	2.3	2.152	8.33	2
0.5	8	22	10	0	8	1.9	2.267	1.84	2
0.5	8	19	12	0	9.2	2.133333333	2.027	1.72	2
0.5	8	23	12	0	8.3	2.3	2.132	8.33	2
0.5	8	20	13	0	8.4	1.333333333	2.151	0.79	2
0.5	8	22	13	0	8	1.9	1.907	1.84	2
0.5	8	23	13	0	8.3	2.3	2.139	8.33	2
0.5	8	19	15	0	9.2	2.133333333	2.125	1.72	2
0.5	8	17	15	0.8	7.4	6.4	2.205	2.15	2
0.5	8	23	15	0	8.3	2.3	2.085	8.33	2
0.5	8	31	16	6.1	9.6	3.166666667	2.093	0.37	2
0.5	8	34	16	3	8.7	1.733333333	2.168	1.05	2
0.6	8	16	3	0	9.8	4.3	2.449	1.2	2
0.6	8	31	4	6.1	9.6	3.166666667	2.162	0.37	2
0.6	8	21	4	0.8	8.3	3.233333333	2.12	0.62	2
0.6	8	21	5	0.8	8.3	3.233333333	2.12	0.62	2
0.6	8	32	5	0	8.3	2.833333333	2.313	0.46	2
0.6	8	4	6	0	5.4	2.766666667	2.323	0.64	2
0.6	8	9	6	0	1.1	5.6	2.163	0.04	2
0.6	8	6	6	0	5.5	2.4	2.164	1.57	2
0.6	8	19	6	0	9.2	2.133333333	2.027	1.72	2
0.6	8	30	7	0	11.5	3.033333333	2.111	1.02	2
0.6	8	22	7	0	8	1.9	2.15	1.84	2
0.6	8	23	7	0	8.3	2.3	2.056	8.33	2
0.6	8	16	8	0	9.8	4.3	2.29	1.2	2
0.6	8	22	8	0	8	1.9	2.266	1.84	2
0.6	8	34	9	3	8.7	1.733333333	2.11	1.05	2
0.6	8	17	9	0.8	7.4	6.4	2.284	2.15	2
0.6	8	17	9	0.8	7.4	6.4	2.119	2.15	2
0.6	8	22	9	0	8	1.9	2.392	1.84	2
0.6	8	23	10	0	8.3	2.3	2.23	8.33	2
0.6	8	9	11	0	1.1	5.6	2.131	0.04	2
0.6	8	19	11	0	9.2	2.133333333	2.429	1.72	2
0.6	8	19	11	0	9.2	2.133333333	2.356	1.72	2
0.6	8	27	12	0.1	8.8	1.433333333	2.068	6.58	2
0.6	8	18	13	2.1	7.2	2.466666667	2.173	1.18	2
0.6	8	23	13	0	8.3	2.3	2.212	8.33	2
0.6	8	27	14	0.1	8.8	1.433333333	2.155	6.58	2
0.7	8	20	1	0	8.4	1.333333333	2.094	0.79	2
0.7	8	20	2	0	8.4	1.333333333	2.197	0.79	2
0.7	8	5	4	0	6.3	1.366666667	2.07	1.22	2
0.7	8	23	6	0	8.3	2.3	2.083	8.33	2
0.7	8	18	6	2.1	7.2	2.466666667	2.397	1.18	2
0.7	8	5	6	0	6.3	1.366666667	2.196	1.22	2
0.7	8	22	6	0	8	1.9	2.136	1.84	2
0.7	8	17	7	0.8	7.4	6.4	2.127	2.15	2
0.7	8	21	8	0.8	8.3	3.233333333	2.208	0.62	2
0.7	8	40	9	0	17.4	2.866666667	2.197	0.08	2
0.7	8	5	9	0	6.3	1.366666667	2.107	1.22	2
0.7	8	24	10	0	10.5	3.733333333	1.986	0.58	2
0.7	8	20	10	0	8.4	1.333333333	1.971	0.79	2
0.7	8	17	10	0.8	7.4	6.4	2.414	2.15	2
0.7	8	23	10	0	8.3	2.3	2	8.33	2
0.7	8	23	11	0	8.3	2.3	1.893	8.33	2
0.7	8	7	11	0	3.9	2.633333333	2.432	0.78	2
0.7	8	17	11	0.8	7.4	6.4	2.299	2.15	2
0.7	8	23	11	0	8.3	2.3	2.147	8.33	2
0.7	8	23	12	0	8.3	2.3	2.248	8.33	2
0.7	8	32	13	0	8.3	2.833333333	2.222	0.46	2
0.7	8	27	16	0.1	8.8	1.433333333	2.272	6.58	2
0.8	8	27	5	0.1	8.8	1.433333333	2.394	6.58	2
0.8	8	4	8	0	5.4	2.766666667	2.079	0.64	2
0.8	8	23	8	0	8.3	2.3	2.122	8.33	2
0.8	8	23	8	0	8.3	2.3	2.19	8.33	2
0.8	8	26	9	0	8.7	1.266666667	2.247	0.54	2
0.8	8	34	10	3	8.7	1.733333333	2.295	1.05	2
0.8	8	19	10	0	9.2	2.133333333	2.107	1.72	2
0.8	8	23	10	0	8.3	2.3	2.039	8.33	2
0.8	8	35	11	0	11.2	5.366666667	1.945	0.22	2
0.8	8	27	11	0.1	8.8	1.433333333	2.014	6.58	2
0.8	8	23	11	0	8.3	2.3	2.097	8.33	2
0.8	8	23	11	0	8.3	2.3	2.231	8.33	2
0.8	8	27	13	0.1	8.8	1.433333333	2.417	6.58	2
0.8	8	23	13	0	8.3	2.3	2.177	8.33	2
0.8	8	30	13	0	11.5	3.033333333	2.138	1.02	2
0.8	8	35	14	0	11.2	5.366666667	2.072	0.22	2
0.8	10	18	14	2.1	7.2	2.466666667	2.296	1.18	2
0.8	8	27	14	0.1	8.8	1.433333333	2.056	6.58	2
0.8	8	27	15	0.1	8.8	1.433333333	2.288	6.58	2
0.8	8	43	15	0	18.7	3.733333333	2.176	0.08	2
0.8	8	38	16	0	18.1	5.266666667	2.14	0.14	2
0.9	8	23	4	0	8.3	2.3	2.162	8.33	2
0.9	8	16	5	0	9.8	4.3	2.177	1.2	2
0.9	8	16	7	0	9.8	4.3	2.34	1.2	2
0.9	8	17	10	0.8	7.4	6.4	2.248	2.15	2
0.9	8	16	11	0	9.8	4.3	2.054	1.2	2
0.9	8	18	11	2.1	7.2	2.466666667	2.212	1.18	2
0.9	8	26	12	0	8.7	1.266666667	2.197	0.54	2
0.9	8	18	13	2.1	7.2	2.466666667	2.125	1.18	2
0.9	8	23	13	0	8.3	2.3	2	8.33	2
0.9	8	34	14	3	8.7	1.733333333	2.243	1.05	2
0.9	8	19	14	0	9.2	2.133333333	2.201	1.72	2
0.9	8	32	15	0	8.3	2.833333333	2.255	0.46	2
1	8	26	6	0	8.7	1.266666667	2.155	0.54	2
1	8	6	6	0	5.5	2.4	1.987	1.57	2
1	8	25	7	1.2	9.6	4.066666667	2.058	0.25	2
1	8	31	7	6.1	9.6	3.166666667	2.014	0.37	2
1	8	19	9	0	9.2	2.133333333	1.948	1.72	2
1	8	23	9	0	8.3	2.3	2.34	8.33	2
1	8	16	10	0	9.8	4.3	2.133	1.2	2
1	8	34	12	3	8.7	1.733333333	2.443	1.05	2
1	8	23	12	0	8.3	2.3	2.122	8.33	2
1	8	29	15	0	8.5	2.766666667	1.972	0.62	2
1	8	27	15	0.1	8.8	1.433333333	2.103	6.58	2
1.1	8	22	4	0	8	1.9	1.972	1.84	2
1.1	8	18	7	2.1	7.2	2.466666667	2.24	1.18	2
1.1	8	22	7	0	8	1.9	2.055	1.84	2
1.1	8	23	9	0	8.3	2.3	2.105	8.33	2
1.1	8	27	10	0.1	8.8	1.433333333	2.124	6.58	2
1.1	8	36	12	0	15.2	3.3	2.276	0.15	2
1.1	8	15	13	0	7.9	1.866666667	2.123	0.26	2
1.1	8	28	14	0	8.9	2.666666667	2.176	0.83	2
1.1	8	23	15	0	8.3	2.3	2.014	8.33	2
1.1	8	25	16	1.2	9.6	4.066666667	2.189	0.25	2
1.2	8	18	11	2.1	7.2	2.466666667	2.356	1.18	2
1.2	8	20	12	0	8.4	1.333333333	2.109	0.79	2
1.2	8	6	13	0	5.5	2.4	2.08	1.57	2
1.2	8	31	13	6.1	9.6	3.166666667	2.041	0.37	2
1.2	8	19	15	0	9.2	2.133333333	2.145	1.72	2
1.2	8	19	16	0	9.2	2.133333333	2.178	1.72	2
1.3	8	4	11	0	5.4	2.766666667	2.173	0.64	2
1.3	8	27	14	0.1	8.8	1.433333333	2.166	6.58	2
1.4	8	22	2	0	8	1.9	2.138	1.84	2
1.4	8	31	12	6.1	9.6	3.166666667	2.043	0.37	2
1.4	8	28	13	0	8.9	2.666666667	2.168	0.83	2
1.5	8	23	13	0	8.3	2.3	2.041	8.33	2
1.5	8	17	15	0.8	7.4	6.4	2.122	2.15	2
1.6	8	23	10	0	8.3	2.3	2.238	8.33	2
1.6	8	37	13	0	17.4	4.133333333	1.861	0.17	2
1.6	8	6	13	0	5.5	2.4	2.093	1.57	2
1.6	8	19	14	0	9.2	2.133333333	2.378	1.72	2
1.7	8	16	5	0	9.8	4.3	2.162	1.2	2
1.7	8	24	7	0	10.5	3.733333333	1.973	0.58	2
1.7	8	33	11	1	11.8	2.133333333	2.298	0.13	2
1.7	8	24	13	0	10.5	3.733333333	1.948	0.58	2
1.7	8	22	14	0	8	1.9	1.905	1.84	2
1.9	8	19	7	0	9.2	2.133333333	2.094	1.72	2
2	8	23	11	0	8.3	2.3	2	8.33	2
-2.3	9	3	12	0	4.9	4.433333333	2.013	0.95	2
-1.7	9	25	2	0	9.1	2.933333333	2.356	2.12	2
-1.7	9	26	4	0	9.6	3.066666667	2.558	1.58	2
-1.4	9	35	16	11.6	10.5	4.933333333	2.448	0.45	2
-1.3	9	27	4	0	10.4	4	2.493	1.49	2
-1.2	9	26	4	0	9.6	3.066666667	2.472	1.58	2
-1	9	18	2	0	2.2	2.666666667	2.171	5.15	2
-1	9	26	3	0	9.6	3.066666667	2.15	1.58	2
-1	9	18	4	0	2.2	2.666666667	2.215	5.15	2
-1	9	18	4	0	2.2	2.666666667	2.284	5.15	2
-0.9	9	28	3	0	7.2	5.666666667	2.316	0.38	2
-0.9	9	21	6	0	6.8	4.066666667	2.108	2.73	2
-0.9	9	20	9	0	7	1.666666667	2.324	1.52	2
-0.8	9	18	1	0	2.2	2.666666667	2.351	5.15	2
-0.8	9	21	1	0	6.8	4.066666667	2.248	2.73	2
-0.8	9	26	2	0	9.6	3.066666667	2.154	1.58	2
-0.8	9	19	2	0	5.6	2.666666667	2.5	1.85	2
-0.8	9	19	5	0	5.6	2.666666667	2.315	1.85	2
-0.7	9	19	1	0	5.6	2.666666667	2.229	1.85	2
-0.7	9	21	1	0	6.8	4.066666667	2.297	2.73	2
-0.7	9	39	2	0	9.2	3.066666667	2.259	0.01	2
-0.7	9	18	2	0	2.2	2.666666667	2	5.15	2
-0.7	9	18	2	0	2.2	2.666666667	2.118	5.15	2
-0.7	9	42	3	0	10.4	2.933333333	2.056	0.08	2
-0.7	9	34	3	2.8	10.7	4.166666667	2.144	0.58	2
-0.7	9	18	3	0	2.2	2.666666667	2.224	5.15	2
-0.7	9	22	4	0	7.1	5.833333333	2.189	0.11	2
-0.7	9	20	4	0	7	1.666666667	2.222	1.52	2
-0.7	9	1	5	0	4.5	3.3	2.194	0.62	2
-0.7	9	18	5	0	2.2	2.666666667	2.292	5.15	2
-0.2	9	6	11	0	3.3	5.833333333	2.132	0.43	2
-0.2	9	24	11	0	8.4	1.733333333	2.121	3.05	2
-0.2	9	18	12	0	2.2	2.666666667	2.333	5.15	2
-0.2	9	11	13	0	0.9	8.2	2.28	0.05	2
-0.1	9	33	1	1	9.8	3.7	2.178	0.86	2
-0.1	9	25	1	0	9.1	2.933333333	2.233	2.12	2
-0.1	9	6	1	0	3.3	5.833333333	1.919	0.43	2
-0.1	9	34	1	2.8	10.7	4.166666667	2.296	0.58	2
-0.1	9	1	1	0	4.5	3.3	2.135	0.62	2
-0.1	9	17	1	1.7	4.4	2.233333333	2.301	0.75	2
-0.1	9	19	1	0	5.6	2.666666667	2.167	1.85	2
-0.1	9	25	1	0	9.1	2.933333333	2.056	2.12	2
-0.1	9	25	1	0	9.1	2.933333333	2.139	2.12	2
-0.1	9	21	1	0	6.8	4.066666667	1.987	2.73	2
-0.1	9	21	1	0	6.8	4.066666667	1.946	2.73	2
-0.1	9	21	1	0	6.8	4.066666667	2.289	2.73	2
